0
479
0.1
479 0 0 479 0 0 479 0 0 479 0 0 479 0 0 479 0 0 479 0 0 479 0 0 479 0 0 479 0 0 479 0 0 479 0 0 479 0 0 479 0 0 479 0 0 479 0 0 479 0 0 479 0 0 479 0 0 479 0 0 479 0 0 479 0 0 479 0 0 479 0 0 479 0 0 479 0 0 479 0 0 479 0 0 
479 0 0 479 0 0 479 0 0 479 0 0 479 0 0 479 0 0 479 0 0 479 0 0 479 0 0 479 0 0 479 0 0 479 0 0 479 0 0 479 0 0 479 0 0 479 0 0 479 0 0 479 0 0 479 0 0 479 0 0 479 0 0 479 0 0 479 0 0 479 0 0 479 0 0 479 0 0 479 0 0 479 0 0 
479 0 0 479 0 0 479 0 0 479 0 0 479 0 0 479 0 0 479 0 0 479 0 0 479 0 0 479 0 0 479 0 0 479 0 0 479 0 0 479 0 0 479 0 0 479 0 0 479 0 0 479 0 0 479 0 0 479 0 0 479 0 0 479 0 0 479 0 0 479 0 0 479 0 0 479 0 0 479 0 0 479 0 0 
479 0 0 479 0 0 479 0 0 479 0 0 479 0 0 479 0 0 479 0 0 479 0 0 479 0 0 479 0 0 478 0 1 475 0 4 472 2 5 468 6 5 465 4 10 464 6 9 465 6 8 464 5 10 467 3 9 473 4 2 475 2 2 478 0 1 479 0 0 479 0 0 479 0 0 479 0 0 479 0 0 479 0 0 
479 0 0 479 0 0 479 0 0 479 0 0 479 0 0 479 0 0 479 0 0 478 0 1 475 0 4 468 1 10 455 4 20 421 13 45 379 32 68 342 55 82 302 75 102 277 85 117 282 91 106 278 91 110 308 72 99 347 54 78 395 40 44 426 18 35 449 6 24 468 1 10 477 1 1 479 0 0 479 0 0 479 0 0 
479 0 0 479 0 0 479 0 0 479 0 0 479 0 0 479 0 0 478 0 1 476 1 2 466 2 11 440 7 32 391 25 63 349 63 67 284 98 97 211 151 117 154 202 123 115 234 130 107 249 123 118 238 123 173 206 100 230 144 105 308 88 83 360 50 69 418 27 34 453 8 18 475 2 2 479 0 0 479 0 0 479 0 0 
479 0 0 479 0 0 479 0 0 479 0 0 477 0 2 477 0 2 476 1 2 468 2 9 446 9 24 389 35 55 328 80 71 270 133 76 198 186 95 133 238 108 91 291 97 58 326 95 49 346 84 56 333 90 92 285 102 144 236 99 216 152 111 302 90 87 371 46 62 434 11 34 470 3 6 479 0 0 479 0 0 479 0 0 
479 0 0 479 0 0 479 0 0 479 0 0 478 0 1 477 1 1 473 1 5 451 8 20 396 27 56 333 74 72 270 130 79 190 176 113 116 234 129 67 290 122 61 331 87 51 354 74 53 352 74 44 344 91 58 322 99 85 278 116 140 211 128 234 130 115 336 69 74 411 24 44 461 6 12 479 0 0 479 0 0 479 0 0 
479 0 0 479 0 0 479 0 0 479 0 0 478 0 1 475 1 3 459 4 16 426 17 36 357 58 64 284 122 73 184 179 116 128 247 104 87 283 109 76 309 94 90 306 83 102 278 99 116 258 105 97 262 120 85 293 101 69 280 130 115 261 103 167 188 124 273 100 106 385 42 52 446 12 21 479 0 0 479 0 0 479 0 0 
479 0 0 479 0 0 479 0 0 479 0 0 478 0 1 469 2 8 437 11 31 371 45 63 305 103 71 206 167 106 124 242 113 89 285 105 91 295 93 121 281 77 158 235 86 189 186 104 204 160 115 194 174 111 146 216 117 93 261 125 91 285 103 142 235 102 222 148 109 334 55 90 441 13 25 479 0 0 479 0 0 479 0 0 
479 0 0 479 0 0 479 0 0 479 0 0 478 0 1 452 4 23 406 27 46 326 77 76 235 148 96 141 222 116 87 276 116 85 284 110 128 262 89 180 203 96 236 147 96 293 96 90 313 86 80 282 95 102 225 145 109 146 228 105 92 273 114 112 264 103 177 182 120 293 75 111 428 16 35 479 0 0 479 0 0 479 0 0 
479 0 0 479 0 0 479 0 0 479 0 0 475 0 4 432 11 36 356 56 67 267 126 86 171 194 114 98 264 117 92 280 107 129 260 90 188 185 106 264 128 87 319 62 98 372 41 66 390 33 56 366 43 70 282 91 106 186 188 105 103 257 119 95 269 115 156 205 118 276 106 97 408 18 53 477 0 2 478 1 0 479 0 0 
479 0 0 479 0 0 479 0 0 479 0 0 472 1 6 394 19 66 305 89 85 209 172 98 112 247 120 82 283 114 117 271 91 185 199 95 268 120 91 344 52 83 411 29 39 440 17 22 440 15 24 400 27 52 332 71 76 218 144 117 118 234 127 97 275 107 143 222 114 258 123 98 398 23 58 476 0 3 478 0 1 479 0 0 
479 0 0 479 0 0 478 0 1 479 0 0 461 2 16 366 41 72 261 128 90 156 219 104 86 273 120 90 283 106 157 232 90 240 135 104 342 67 70 406 24 49 447 8 24 460 3 16 458 6 15 416 23 40 339 71 69 240 146 93 125 228 126 94 274 111 151 218 110 252 131 96 388 32 59 477 0 2 478 0 1 479 0 0 
479 0 0 479 0 0 479 0 0 479 0 0 450 8 21 322 73 84 205 169 105 109 255 115 81 297 101 119 260 100 210 176 93 309 84 86 397 28 54 446 11 22 466 2 11 471 1 7 460 4 15 404 29 46 331 84 64 223 151 105 127 233 119 107 258 114 156 209 114 259 132 88 390 31 58 478 1 0 479 0 0 479 0 0 
479 0 0 479 0 0 479 0 0 478 0 1 440 11 28 289 98 92 171 211 97 90 284 105 88 291 100 144 216 119 260 115 104 363 43 73 435 19 25 463 3 13 477 0 2 472 2 5 450 9 20 385 40 54 295 102 82 196 187 96 120 241 118 117 240 122 180 186 113 278 117 84 398 26 55 478 0 1 479 0 0 479 0 0 
479 0 0 479 0 0 479 0 0 478 0 1 423 16 40 266 122 91 144 236 99 74 302 103 91 280 108 180 183 116 304 79 96 409 33 37 447 7 25 471 2 6 474 0 5 454 4 21 415 23 41 339 72 68 240 149 90 164 222 93 114 250 115 136 224 119 209 160 110 312 92 75 413 24 42 478 0 1 479 0 0 479 0 0 
479 0 0 479 0 0 479 0 0 479 0 0 404 20 55 249 139 91 129 252 98 74 306 99 99 265 115 195 167 117 318 63 98 412 30 37 445 10 24 461 4 14 449 8 22 421 22 36 356 55 68 254 118 107 181 208 90 124 252 103 109 240 130 170 184 125 259 136 84 348 62 69 431 18 30 479 0 0 479 0 0 479 0 0 
479 0 0 479 0 0 479 0 0 478 0 1 399 25 55 249 137 93 129 256 94 70 311 98 93 260 126 201 170 108 309 82 88 383 40 56 411 16 52 416 19 44 392 35 52 334 69 76 250 115 114 177 201 101 133 259 87 103 258 118 145 223 111 222 157 100 305 87 87 391 40 48 445 5 29 478 0 1 479 0 0 479 0 0 
479 0 0 479 0 0 479 0 0 477 0 2 405 25 49 271 114 94 143 230 106 73 303 103 92 297 90 145 216 118 227 136 116 308 85 86 327 72 80 320 75 84 283 101 95 216 144 119 163 222 94 114 267 98 92 261 126 124 229 126 191 158 130 284 108 87 360 45 74 432 20 27 463 2 14 478 0 1 479 0 0 479 0 0 
479 0 0 479 0 0 479 0 0 477 1 1 420 17 42 300 85 94 186 201 92 91 275 113 63 307 109 82 292 105 113 238 128 164 188 127 177 175 127 169 186 124 146 211 122 115 257 107 90 300 89 77 280 122 107 236 136 194 169 116 277 120 82 338 55 86 416 27 36 455 8 16 474 1 4 478 0 1 478 0 1 479 0 0 
479 0 0 479 0 0 479 0 0 478 1 0 439 8 32 352 55 72 236 131 112 135 241 103 70 307 102 46 349 84 45 346 88 48 326 105 67 308 104 78 307 94 72 320 87 58 327 94 65 293 121 113 239 127 193 173 113 272 110 97 347 57 75 416 28 35 449 9 21 471 2 6 477 0 2 478 0 1 478 1 0 479 0 0 
479 0 0 479 0 0 479 0 0 478 1 0 457 5 17 398 25 56 316 73 90 217 148 114 140 227 112 80 303 96 47 350 82 37 367 75 38 365 76 46 348 85 60 325 94 86 267 126 156 202 121 223 129 127 303 82 94 368 53 58 413 22 44 448 7 24 470 3 6 477 1 1 479 0 0 478 0 1 478 0 1 479 0 0 
479 0 0 479 0 0 479 0 0 479 0 0 476 1 2 450 3 26 408 13 58 341 42 96 259 95 125 186 144 149 127 198 154 109 229 141 110 240 129 124 203 152 163 162 154 223 107 149 289 68 122 362 40 77 408 24 47 438 9 32 463 5 11 472 2 5 476 1 2 478 0 1 479 0 0 479 0 0 479 0 0 479 0 0 
479 0 0 479 0 0 479 0 0 479 0 0 477 0 2 477 1 1 471 2 6 464 5 10 446 7 26 421 15 43 404 32 43 387 42 50 382 49 48 388 46 45 397 32 50 412 18 49 438 11 30 454 3 22 466 1 12 473 1 5 477 0 2 477 0 2 478 0 1 479 0 0 479 0 0 479 0 0 479 0 0 479 0 0 
479 0 0 479 0 0 479 0 0 479 0 0 479 0 0 479 0 0 479 0 0 479 0 0 479 0 0 478 0 1 477 0 2 476 1 2 476 2 1 476 2 1 477 1 1 477 0 2 479 0 0 479 0 0 479 0 0 479 0 0 479 0 0 479 0 0 479 0 0 479 0 0 479 0 0 479 0 0 479 0 0 479 0 0 
479 0 0 479 0 0 479 0 0 479 0 0 479 0 0 479 0 0 479 0 0 479 0 0 479 0 0 479 0 0 479 0 0 479 0 0 479 0 0 479 0 0 479 0 0 479 0 0 479 0 0 479 0 0 479 0 0 479 0 0 479 0 0 479 0 0 479 0 0 479 0 0 479 0 0 479 0 0 479 0 0 479 0 0 
479 0 0 479 0 0 479 0 0 479 0 0 479 0 0 479 0 0 479 0 0 479 0 0 479 0 0 479 0 0 479 0 0 479 0 0 479 0 0 479 0 0 479 0 0 479 0 0 479 0 0 479 0 0 479 0 0 479 0 0 479 0 0 479 0 0 479 0 0 479 0 0 479 0 0 479 0 0 479 0 0 479 0 0 
1
563
0.1
563 0 0 563 0 0 563 0 0 563 0 0 563 0 0 563 0 0 563 0 0 563 0 0 563 0 0 563 0 0 563 0 0 563 0 0 563 0 0 563 0 0 563 0 0 563 0 0 563 0 0 563 0 0 563 0 0 563 0 0 563 0 0 563 0 0 563 0 0 563 0 0 563 0 0 563 0 0 563 0 0 563 0 0 
563 0 0 563 0 0 563 0 0 563 0 0 563 0 0 563 0 0 563 0 0 563 0 0 563 0 0 563 0 0 563 0 0 563 0 0 563 0 0 563 0 0 563 0 0 563 0 0 563 0 0 563 0 0 563 0 0 563 0 0 563 0 0 563 0 0 563 0 0 563 0 0 563 0 0 563 0 0 563 0 0 563 0 0 
563 0 0 563 0 0 563 0 0 563 0 0 563 0 0 563 0 0 563 0 0 563 0 0 563 0 0 563 0 0 563 0 0 563 0 0 563 0 0 563 0 0 563 0 0 563 0 0 563 0 0 563 0 0 563 0 0 563 0 0 563 0 0 563 0 0 563 0 0 563 0 0 563 0 0 563 0 0 563 0 0 563 0 0 
563 0 0 563 0 0 563 0 0 563 0 0 563 0 0 563 0 0 563 0 0 563 0 0 563 0 0 563 0 0 563 0 0 562 0 1 562 0 1 556 0 7 557 4 2 553 3 7 557 3 3 558 2 3 558 1 4 560 1 2 561 2 0 561 0 2 563 0 0 563 0 0 563 0 0 563 0 0 563 0 0 563 0 0 
563 0 0 563 0 0 563 0 0 563 0 0 562 0 1 563 0 0 563 0 0 562 0 1 562 1 0 561 0 2 554 1 8 541 8 14 513 18 32 465 36 62 434 57 72 423 53 87 435 46 82 424 61 78 423 71 69 444 52 67 485 32 46 527 14 22 549 5 9 561 1 1 562 0 1 563 0 0 563 0 0 563 0 0 
563 0 0 563 0 0 562 0 1 562 0 1 563 0 0 563 0 0 561 0 2 560 2 1 560 3 0 559 3 1 547 5 11 524 16 23 482 39 42 401 82 80 347 119 97 313 134 116 298 133 132 300 147 116 313 147 103 355 111 97 441 64 58 502 21 40 540 8 15 558 2 3 561 0 2 563 0 0 562 0 1 563 0 0 
563 0 0 563 0 0 563 0 0 563 0 0 563 0 0 563 0 0 561 0 2 560 2 1 558 3 2 558 4 1 543 7 13 521 20 22 473 52 38 387 102 74 302 150 111 266 183 114 240 184 139 254 205 104 288 201 74 346 138 79 440 63 60 505 18 40 545 6 12 559 1 3 561 0 2 563 0 0 563 0 0 563 0 0 
563 0 0 563 0 0 563 0 0 562 0 1 562 0 1 562 0 1 560 0 3 559 2 2 558 3 2 557 3 3 547 7 9 522 16 25 466 54 43 371 116 76 274 177 112 212 209 142 194 229 140 228 224 111 285 196 82 366 110 87 465 41 57 526 11 26 552 4 7 560 0 3 563 0 0 563 0 0 563 0 0 563 0 0 
563 0 0 563 0 0 563 0 0 562 0 1 562 0 1 563 0 0 562 0 1 560 1 2 558 4 1 557 4 2 550 7 6 521 13 29 460 46 57 359 123 81 238 207 118 155 253 155 146 267 150 230 255 78 296 174 93 407 76 80 505 21 37 543 3 17 556 1 6 563 0 0 563 0 0 563 0 0 563 0 0 563 0 0 
563 0 0 562 0 1 563 0 0 562 0 1 563 0 0 563 0 0 562 0 1 561 1 1 559 2 2 556 4 3 551 7 5 523 11 29 461 45 57 336 129 98 188 241 134 89 310 164 132 313 118 238 237 88 341 130 92 447 42 74 531 7 25 558 1 4 562 0 1 563 0 0 563 0 0 563 0 0 563 0 0 563 0 0 
563 0 0 562 0 1 563 0 0 563 0 0 563 0 0 563 0 0 562 1 0 562 1 0 559 1 3 555 3 5 553 7 3 528 5 30 457 39 67 301 142 120 113 289 161 42 377 144 125 329 109 264 203 96 388 81 94 499 13 51 551 2 10 561 0 2 563 0 0 563 0 0 563 0 0 562 0 1 563 0 0 563 0 0 
563 0 0 563 0 0 563 0 0 563 0 0 563 0 0 563 0 0 562 1 0 559 1 3 558 3 2 557 3 3 553 5 5 539 8 16 450 36 77 235 157 171 50 359 154 26 447 90 133 307 123 301 135 127 450 29 84 542 3 18 561 0 2 562 0 1 563 0 0 563 0 0 563 0 0 562 0 1 563 0 0 563 0 0 
563 0 0 563 0 0 563 0 0 563 0 0 563 0 0 563 0 0 560 0 3 560 3 0 559 2 2 557 4 2 556 3 4 543 2 18 426 35 102 150 196 217 11 451 101 19 467 77 142 245 176 356 65 142 507 9 47 555 0 8 563 0 0 562 0 1 563 0 0 563 0 0 563 0 0 563 0 0 563 0 0 563 0 0 
563 0 0 563 0 0 563 0 0 563 0 0 563 0 0 562 0 1 561 1 1 561 0 2 560 1 2 558 0 5 558 1 4 536 4 23 360 40 163 60 276 227 5 523 35 18 459 86 176 168 219 431 29 103 540 2 21 562 0 1 563 0 0 563 0 0 563 0 0 563 0 0 563 0 0 563 0 0 563 0 0 563 0 0 
563 0 0 563 0 0 563 0 0 563 0 0 563 0 0 561 0 2 562 0 1 563 0 0 562 0 1 560 1 2 553 2 8 504 6 53 272 79 212 25 380 158 2 541 20 31 387 145 278 86 199 500 12 51 555 1 7 562 1 0 562 0 1 562 0 1 563 0 0 563 0 0 563 0 0 562 0 1 562 0 1 563 0 0 
563 0 0 563 0 0 563 0 0 563 0 0 563 0 0 563 0 0 563 0 0 561 0 2 561 1 1 560 2 1 547 1 15 442 16 105 192 157 214 22 448 93 2 525 36 60 284 219 358 47 158 528 8 27 557 1 5 562 0 1 562 0 1 562 0 1 563 0 0 563 0 0 563 0 0 563 0 0 563 0 0 563 0 0 
563 0 0 563 0 0 563 0 0 563 0 0 562 0 1 562 0 1 561 0 2 561 1 1 561 1 1 556 1 6 511 5 47 363 62 138 158 242 163 22 456 85 12 465 86 127 200 236 420 34 109 540 5 18 559 3 1 559 0 4 563 0 0 563 0 0 563 0 0 563 0 0 563 0 0 563 0 0 563 0 0 563 0 0 
563 0 0 563 0 0 563 0 0 563 0 0 562 0 1 561 0 2 561 1 1 561 1 1 557 0 6 535 4 24 439 32 92 300 131 132 143 300 120 27 423 113 53 356 154 245 157 161 444 29 90 542 6 15 556 3 4 557 1 5 562 0 1 563 0 0 563 0 0 563 0 0 563 0 0 563 0 0 562 0 1 563 0 0 
563 0 0 563 0 0 563 0 0 563 0 0 563 0 0 563 0 0 561 0 2 559 0 4 548 3 12 495 16 52 383 88 92 257 204 102 130 318 115 49 372 142 113 282 168 314 140 109 448 31 84 532 8 23 552 5 6 554 1 8 558 0 5 560 0 3 562 0 1 562 0 1 562 0 1 563 0 0 562 0 1 561 0 2 
563 0 0 563 0 0 563 0 0 563 0 0 563 0 0 562 0 1 562 1 0 554 2 7 520 9 34 434 48 81 336 146 81 229 239 95 139 304 120 95 300 168 197 242 124 337 143 83 448 37 78 534 14 15 547 8 8 553 6 4 555 4 4 558 2 3 561 2 0 561 1 1 561 1 1 562 0 1 563 0 0 561 0 2 
563 0 0 563 0 0 563 0 0 562 0 1 562 0 1 561 0 2 554 2 7 533 8 22 475 28 60 386 97 80 299 184 80 225 258 80 160 256 147 161 244 158 253 210 100 354 147 62 440 49 74 526 15 22 546 12 5 552 6 5 556 6 1 556 4 3 560 3 0 561 1 1 560 2 1 560 0 3 563 0 0 563 0 0 
563 0 0 563 0 0 563 0 0 562 1 0 562 1 0 561 1 1 546 4 13 515 18 30 439 60 64 352 138 73 284 208 71 226 242 95 195 214 154 215 206 142 296 192 75 366 143 54 435 58 70 512 19 32 543 7 13 555 4 4 556 2 5 559 1 3 561 1 1 562 1 0 561 1 1 562 1 0 562 0 1 563 0 0 
563 0 0 563 0 0 563 0 0 562 0 1 562 0 1 558 1 4 545 4 14 494 26 43 413 82 68 338 150 75 282 199 82 256 199 108 245 172 146 267 183 113 307 170 86 372 127 64 442 67 54 511 21 31 541 9 13 555 4 4 558 1 4 561 0 2 562 0 1 562 0 1 562 0 1 562 0 1 563 0 0 563 0 0 
563 0 0 563 0 0 563 0 0 563 0 0 562 0 1 556 1 6 545 7 11 502 22 39 426 68 69 352 121 90 313 135 115 317 138 108 316 106 141 320 122 121 337 125 101 401 89 73 460 45 58 514 14 35 545 6 12 556 2 5 559 2 2 562 0 1 563 0 0 563 0 0 563 0 0 563 0 0 563 0 0 563 0 0 
563 0 0 563 0 0 563 0 0 563 0 0 563 0 0 561 0 2 557 2 4 546 7 10 523 12 28 499 29 35 483 48 32 484 36 43 488 24 51 486 31 46 489 32 42 510 14 39 534 7 22 548 4 11 558 4 1 561 1 1 562 0 1 563 0 0 563 0 0 563 0 0 563 0 0 563 0 0 563 0 0 563 0 0 
563 0 0 563 0 0 563 0 0 563 0 0 563 0 0 563 0 0 563 0 0 563 0 0 562 0 1 560 1 2 560 2 1 561 1 1 562 0 1 560 1 2 560 1 2 562 0 1 563 0 0 563 0 0 563 0 0 563 0 0 563 0 0 563 0 0 563 0 0 563 0 0 563 0 0 563 0 0 563 0 0 563 0 0 
563 0 0 563 0 0 563 0 0 563 0 0 563 0 0 563 0 0 563 0 0 563 0 0 563 0 0 563 0 0 563 0 0 563 0 0 563 0 0 563 0 0 563 0 0 563 0 0 563 0 0 563 0 0 563 0 0 563 0 0 563 0 0 563 0 0 563 0 0 563 0 0 563 0 0 563 0 0 563 0 0 563 0 0 
563 0 0 563 0 0 563 0 0 563 0 0 563 0 0 563 0 0 563 0 0 563 0 0 563 0 0 563 0 0 563 0 0 563 0 0 563 0 0 563 0 0 563 0 0 563 0 0 563 0 0 563 0 0 563 0 0 563 0 0 563 0 0 563 0 0 563 0 0 563 0 0 563 0 0 563 0 0 563 0 0 563 0 0 
2
488
0.1
488 0 0 488 0 0 488 0 0 488 0 0 488 0 0 488 0 0 488 0 0 488 0 0 488 0 0 488 0 0 488 0 0 488 0 0 488 0 0 488 0 0 488 0 0 488 0 0 488 0 0 488 0 0 488 0 0 488 0 0 488 0 0 488 0 0 488 0 0 488 0 0 488 0 0 488 0 0 488 0 0 488 0 0 
488 0 0 488 0 0 488 0 0 488 0 0 488 0 0 488 0 0 488 0 0 488 0 0 488 0 0 488 0 0 488 0 0 488 0 0 488 0 0 488 0 0 488 0 0 486 0 2 486 2 0 487 0 1 488 0 0 488 0 0 488 0 0 488 0 0 488 0 0 488 0 0 488 0 0 488 0 0 488 0 0 488 0 0 
488 0 0 488 0 0 488 0 0 488 0 0 488 0 0 488 0 0 488 0 0 487 0 1 487 1 0 486 1 1 485 1 2 484 2 2 478 3 7 477 4 7 477 5 6 477 3 8 479 6 3 478 2 8 483 1 4 485 0 3 488 0 0 488 0 0 488 0 0 487 1 0 487 0 1 488 0 0 488 0 0 488 0 0 
488 0 0 488 0 0 488 0 0 488 0 0 488 0 0 487 0 1 483 1 4 477 4 7 468 8 12 451 13 24 435 20 33 409 29 50 388 41 59 371 53 64 360 55 73 353 49 86 378 47 63 401 37 50 428 21 39 450 11 27 469 5 14 479 2 7 485 1 2 487 1 0 487 0 1 488 0 0 488 0 0 488 0 0 
488 0 0 488 0 0 488 0 0 488 0 0 488 0 0 480 0 8 469 3 16 457 10 21 428 20 40 383 50 55 348 63 77 300 96 92 253 122 113 217 161 110 199 169 120 200 180 108 216 167 105 256 122 110 318 82 88 376 60 52 422 31 35 447 11 30 473 1 14 487 1 0 487 0 1 487 0 1 488 0 0 488 0 0 
488 0 0 488 0 0 488 0 0 488 0 0 485 0 3 471 6 11 454 17 17 422 30 36 373 56 59 324 100 64 265 129 94 210 177 101 166 214 108 129 245 114 115 276 97 107 274 107 128 259 101 157 231 100 219 170 99 293 112 83 355 71 62 409 35 44 451 9 28 479 0 9 487 1 0 487 0 1 488 0 0 488 0 0 
488 0 0 488 0 0 488 0 0 487 0 1 483 2 3 466 12 10 442 23 23 400 42 46 338 75 75 275 110 103 219 165 104 174 208 106 146 229 113 129 244 115 114 240 134 113 258 117 111 252 125 122 246 120 165 210 113 234 158 96 316 112 60 371 61 56 430 22 36 473 1 14 487 1 0 488 0 0 488 0 0 488 0 0 
488 0 0 488 0 0 487 0 1 486 1 1 476 3 9 456 13 19 427 28 33 387 47 54 329 78 81 274 120 94 223 152 113 193 181 114 177 186 125 181 186 121 198 183 107 180 189 119 164 212 112 140 212 136 169 205 114 217 179 92 277 130 81 357 84 47 413 35 40 463 7 18 487 0 1 488 0 0 488 0 0 488 0 0 
488 0 0 488 0 0 487 0 1 486 2 0 475 10 3 453 20 15 435 32 21 391 46 51 352 70 66 307 95 86 280 119 89 274 133 81 276 130 82 277 123 88 280 123 85 262 134 92 225 157 106 177 197 114 171 204 113 198 167 123 259 141 88 338 91 59 406 40 42 462 7 19 488 0 0 488 0 0 488 0 0 488 0 0 
488 0 0 488 0 0 487 0 1 486 1 1 475 5 8 455 11 22 435 26 27 412 35 41 393 52 43 366 63 59 344 68 76 340 77 71 339 69 80 350 67 71 344 70 74 311 96 81 251 131 106 195 180 113 177 202 109 199 174 115 257 141 90 344 91 53 403 38 47 462 8 18 485 1 2 488 0 0 488 0 0 488 0 0 
488 0 0 488 0 0 488 0 0 488 0 0 482 5 1 468 10 10 451 16 21 442 19 27 425 24 39 410 27 51 406 37 45 403 36 49 410 34 44 420 33 35 378 45 65 331 89 68 260 136 92 198 180 110 182 209 97 204 174 110 257 134 97 350 82 56 408 35 45 464 6 18 485 0 3 487 0 1 488 0 0 488 0 0 
488 0 0 488 0 0 488 0 0 488 0 0 481 2 5 473 4 11 470 9 9 462 9 17 457 10 21 450 17 21 443 15 30 441 16 31 438 18 32 427 25 36 379 53 56 316 102 70 244 150 94 192 186 110 172 184 132 211 183 94 273 131 84 357 67 64 420 25 43 472 3 13 482 1 5 485 0 3 488 0 0 488 0 0 
488 0 0 488 0 0 488 0 0 487 0 1 485 1 2 481 4 3 476 3 9 471 4 13 464 9 15 457 15 16 447 12 29 447 16 25 434 24 30 395 40 53 342 75 71 280 129 79 214 164 110 172 187 129 176 199 113 224 168 96 298 114 76 377 55 56 432 13 43 472 6 10 480 3 5 483 1 4 487 0 1 488 0 0 
488 0 0 488 0 0 488 0 0 487 1 0 486 1 1 480 1 7 475 3 10 464 9 15 449 15 24 436 22 30 423 32 33 394 26 68 368 47 73 328 73 87 277 117 94 220 157 111 169 192 127 152 218 118 183 190 115 242 144 102 329 88 71 397 37 54 445 13 30 469 10 9 478 5 5 484 1 3 487 0 1 488 0 0 
488 0 0 488 0 0 488 0 0 487 1 0 481 1 6 472 3 13 460 9 19 430 22 36 388 36 64 346 62 80 325 81 82 286 106 96 243 126 119 201 163 124 178 192 118 144 217 127 137 242 109 150 224 114 205 192 91 266 124 98 355 74 59 405 24 59 447 12 29 461 5 22 472 2 14 485 0 3 487 0 1 488 0 0 
488 0 0 488 0 0 488 0 0 486 1 1 478 4 6 447 9 32 407 26 55 347 60 81 297 103 88 260 147 81 221 175 92 178 201 109 139 234 115 107 273 108 103 266 119 105 269 114 128 258 102 159 233 96 216 182 90 282 120 86 344 61 83 396 30 62 426 22 40 446 18 24 461 10 17 479 2 7 485 1 2 488 0 0 
488 0 0 488 0 0 488 0 0 480 1 7 460 10 18 406 28 54 343 81 64 276 127 85 223 174 91 182 202 104 154 216 118 108 252 128 81 285 122 74 304 110 72 308 108 94 299 95 123 271 94 167 239 82 218 191 79 270 140 78 328 95 65 364 62 62 388 38 62 419 28 41 441 20 27 467 8 13 484 1 3 488 0 0 
488 0 0 488 0 0 488 0 0 475 5 8 433 21 34 357 64 67 278 129 81 221 178 89 184 201 103 158 219 111 129 218 141 113 258 117 92 284 112 77 304 107 87 311 90 106 309 73 122 271 95 164 227 97 188 177 123 243 145 100 282 118 88 310 91 87 345 69 74 385 59 44 414 36 38 455 16 17 482 1 5 487 0 1 
488 0 0 488 0 0 488 0 0 465 7 16 412 39 37 323 102 63 243 170 75 188 203 97 159 204 125 138 215 135 127 233 128 117 255 116 91 282 115 88 291 109 101 295 92 113 272 103 139 250 99 158 227 103 190 195 103 210 160 118 247 138 103 288 131 69 313 97 78 354 62 72 404 36 48 455 13 20 483 1 4 487 0 1 
488 0 0 488 0 0 487 0 1 462 12 14 391 53 44 308 118 62 220 181 87 175 228 85 148 236 104 120 260 108 110 265 113 84 276 128 90 290 108 97 283 108 104 246 138 146 231 111 163 212 113 186 202 100 196 192 100 213 167 108 240 149 99 264 115 109 317 94 77 366 52 70 406 28 54 461 6 21 485 0 3 488 0 0 
488 0 0 488 0 0 487 1 0 460 11 17 393 50 45 309 109 70 230 176 82 173 212 103 124 240 124 104 281 103 87 292 109 82 291 115 96 269 123 127 233 128 171 204 113 203 176 109 212 164 112 215 161 112 224 160 104 230 162 96 244 139 105 291 109 88 334 79 75 377 50 61 423 23 42 467 5 16 486 1 1 488 0 0 
488 0 0 488 0 0 487 0 1 467 6 15 412 25 51 342 77 69 271 136 81 207 187 94 167 219 102 125 253 110 120 265 103 134 248 106 169 213 106 207 167 114 256 135 97 287 113 88 296 109 83 290 112 86 290 116 82 282 105 101 301 94 93 329 71 88 378 47 63 414 31 43 447 17 24 475 5 8 486 0 2 488 0 0 
488 0 0 488 0 0 488 0 0 480 1 7 453 10 25 397 31 60 345 68 75 282 112 94 245 142 101 216 149 123 213 160 115 232 142 114 271 120 97 313 84 91 345 62 81 362 58 68 371 59 58 366 67 55 363 65 60 370 55 63 378 47 63 397 43 48 424 25 39 452 14 22 465 8 15 480 3 5 486 0 2 488 0 0 
488 0 0 488 0 0 488 0 0 485 0 3 475 3 10 457 11 20 434 23 31 412 39 37 398 47 43 387 40 61 385 37 66 392 42 54 406 35 47 425 27 36 438 27 23 438 22 28 437 22 29 437 20 31 435 19 34 445 17 26 449 15 24 458 10 20 467 8 13 477 4 7 484 0 4 486 0 2 487 0 1 488 0 0 
488 0 0 488 0 0 488 0 0 487 0 1 485 1 2 484 2 2 478 2 8 475 8 5 477 6 5 478 4 6 475 2 11 476 3 9 476 3 9 477 4 7 477 3 8 477 4 7 477 3 8 479 4 5 480 4 4 478 3 7 480 4 4 482 1 5 484 2 2 485 1 2 488 0 0 488 0 0 488 0 0 488 0 0 
488 0 0 488 0 0 488 0 0 488 0 0 488 0 0 488 0 0 488 0 0 488 0 0 488 0 0 488 0 0 488 0 0 488 0 0 488 0 0 488 0 0 488 0 0 488 0 0 488 0 0 487 0 1 487 1 0 487 1 0 487 0 1 488 0 0 488 0 0 488 0 0 488 0 0 488 0 0 488 0 0 488 0 0 
488 0 0 488 0 0 488 0 0 488 0 0 488 0 0 488 0 0 488 0 0 488 0 0 488 0 0 488 0 0 488 0 0 488 0 0 488 0 0 488 0 0 488 0 0 488 0 0 488 0 0 488 0 0 488 0 0 488 0 0 488 0 0 488 0 0 488 0 0 488 0 0 488 0 0 488 0 0 488 0 0 488 0 0 
488 0 0 488 0 0 488 0 0 488 0 0 488 0 0 488 0 0 488 0 0 488 0 0 488 0 0 488 0 0 488 0 0 488 0 0 488 0 0 488 0 0 488 0 0 488 0 0 488 0 0 488 0 0 488 0 0 488 0 0 488 0 0 488 0 0 488 0 0 488 0 0 488 0 0 488 0 0 488 0 0 488 0 0 
3
493
0.1
493 0 0 493 0 0 493 0 0 493 0 0 493 0 0 493 0 0 493 0 0 493 0 0 493 0 0 493 0 0 493 0 0 493 0 0 493 0 0 493 0 0 493 0 0 493 0 0 493 0 0 493 0 0 493 0 0 493 0 0 493 0 0 493 0 0 493 0 0 493 0 0 493 0 0 493 0 0 493 0 0 493 0 0 
493 0 0 493 0 0 493 0 0 493 0 0 493 0 0 493 0 0 493 0 0 493 0 0 493 0 0 493 0 0 493 0 0 493 0 0 493 0 0 493 0 0 493 0 0 493 0 0 493 0 0 493 0 0 493 0 0 493 0 0 493 0 0 493 0 0 493 0 0 493 0 0 493 0 0 493 0 0 493 0 0 493 0 0 
493 0 0 493 0 0 493 0 0 493 0 0 493 0 0 493 0 0 493 0 0 493 0 0 493 0 0 493 0 0 493 0 0 493 0 0 493 0 0 493 0 0 493 0 0 493 0 0 493 0 0 493 0 0 493 0 0 493 0 0 493 0 0 493 0 0 493 0 0 493 0 0 493 0 0 493 0 0 493 0 0 493 0 0 
493 0 0 493 0 0 493 0 0 493 0 0 493 0 0 492 0 1 492 1 0 492 1 0 491 1 1 489 2 2 488 3 2 483 5 5 480 4 9 477 8 8 477 6 10 477 5 11 478 8 7 480 7 6 486 4 3 487 1 5 491 1 1 492 0 1 493 0 0 493 0 0 493 0 0 493 0 0 493 0 0 493 0 0 
493 0 0 493 0 0 493 0 0 492 0 1 491 1 1 486 2 5 482 2 9 466 4 23 452 14 27 431 17 45 389 38 66 352 63 78 321 79 93 300 96 97 290 101 102 293 98 102 316 92 85 346 72 75 385 45 63 418 27 48 458 10 25 477 2 14 489 1 3 491 0 2 493 0 0 493 0 0 493 0 0 493 0 0 
493 0 0 493 0 0 493 0 0 489 1 3 481 3 9 466 10 17 450 21 22 415 40 38 368 55 70 308 80 105 238 133 122 184 185 124 146 226 121 118 262 113 105 269 119 110 262 121 137 240 116 192 183 118 250 156 87 307 92 94 378 45 70 434 18 41 472 3 18 488 1 4 493 0 0 493 0 0 493 0 0 493 0 0 
493 0 0 493 0 0 493 0 0 483 2 8 471 8 14 451 20 22 402 35 56 355 77 61 292 120 81 227 158 108 146 215 132 106 270 117 80 294 119 58 305 130 48 323 122 47 339 107 53 301 139 101 267 125 172 228 93 236 173 84 311 102 80 390 44 59 441 11 41 481 5 7 493 0 0 493 0 0 493 0 0 493 0 0 
493 0 0 492 0 1 493 0 0 482 5 6 464 8 21 439 23 31 392 47 54 344 86 63 273 114 106 217 160 116 180 189 124 148 197 148 140 209 144 136 210 147 117 221 155 96 248 149 103 270 120 99 268 126 131 245 117 187 212 94 271 141 81 368 63 62 432 27 34 470 4 19 493 0 0 493 0 0 493 0 0 493 0 0 
493 0 0 493 0 0 493 0 0 480 4 9 461 12 20 444 25 24 407 37 49 374 61 58 327 73 93 291 102 100 272 109 112 276 116 101 279 117 97 278 113 102 260 121 112 205 152 136 158 210 125 138 235 120 146 245 102 184 206 103 267 133 93 369 73 51 434 26 33 471 7 15 493 0 0 493 0 0 493 0 0 493 0 0 
493 0 0 493 0 0 492 0 1 485 2 6 475 6 12 457 13 23 428 24 41 413 33 47 392 40 61 379 53 61 372 53 68 370 48 75 353 49 91 334 58 101 295 91 107 227 150 116 158 210 125 119 236 138 137 231 125 205 189 99 290 128 75 383 57 53 447 20 26 479 3 11 493 0 0 493 0 0 493 0 0 493 0 0 
493 0 0 493 0 0 492 0 1 490 2 1 486 5 2 474 5 14 461 12 20 455 15 23 439 19 35 423 23 47 407 27 59 390 34 69 353 49 91 301 89 103 235 150 108 160 214 119 99 260 134 105 261 127 156 212 125 250 150 93 335 77 81 418 35 40 460 9 24 484 1 8 493 0 0 493 0 0 493 0 0 493 0 0 
493 0 0 493 0 0 493 0 0 492 0 1 489 2 2 485 2 6 478 6 9 470 7 16 452 7 34 419 21 53 375 45 73 315 73 105 247 129 117 184 189 120 116 262 115 79 302 112 65 298 130 113 256 124 203 165 125 303 109 81 381 47 65 448 12 33 480 7 6 489 1 3 493 0 0 493 0 0 493 0 0 493 0 0 
493 0 0 493 0 0 493 0 0 493 0 0 491 0 2 489 1 3 483 2 8 471 10 12 437 15 41 382 42 69 308 89 96 216 168 109 137 236 120 94 300 99 54 344 95 48 341 104 71 309 113 138 228 127 237 137 119 337 71 85 412 29 52 465 10 18 483 3 7 490 0 3 493 0 0 493 0 0 493 0 0 493 0 0 
493 0 0 493 0 0 493 0 0 492 0 1 491 0 2 490 0 3 483 3 7 456 10 27 412 34 47 337 75 81 237 136 120 144 220 129 90 294 109 55 336 102 49 361 83 56 345 92 81 322 90 116 227 150 223 142 128 318 77 98 406 42 45 456 8 29 484 3 6 491 0 2 493 0 0 493 0 0 493 0 0 493 0 0 
493 0 0 493 0 0 493 0 0 493 0 0 490 0 3 488 0 5 479 4 10 457 14 22 402 38 53 321 90 82 245 150 98 162 216 115 124 262 107 104 284 105 101 291 101 93 291 109 99 282 112 110 251 132 175 192 126 274 122 97 359 60 74 436 21 36 468 3 22 489 2 2 492 0 1 493 0 0 493 0 0 493 0 0 
493 0 0 493 0 0 493 0 0 492 0 1 490 1 2 486 3 4 478 2 13 459 9 25 418 24 51 361 63 69 305 105 83 253 128 112 229 150 114 218 153 122 208 159 126 191 178 124 141 204 148 121 249 123 137 228 128 201 167 125 319 91 83 399 35 59 460 15 18 482 2 9 492 1 0 493 0 0 492 0 1 493 0 0 
493 0 0 493 0 0 490 0 3 486 1 6 483 3 7 471 7 15 471 4 18 460 11 22 443 16 34 416 27 50 385 38 70 379 48 66 369 53 71 359 63 71 335 76 82 295 114 84 217 151 125 142 220 131 125 240 128 174 185 134 281 124 88 370 61 62 443 20 30 479 3 11 492 1 0 493 0 0 493 0 0 493 0 0 
493 0 0 493 0 0 489 1 3 476 4 13 457 10 26 446 21 26 447 15 31 447 19 27 442 17 34 443 16 34 451 14 28 448 14 31 444 17 32 437 18 38 404 32 57 328 72 93 251 139 103 176 197 120 130 230 133 160 200 133 268 126 99 365 79 49 427 28 38 472 4 17 492 1 0 493 0 0 493 0 0 493 0 0 
493 0 0 493 0 0 489 1 3 467 8 18 428 28 37 407 43 43 389 35 69 389 37 67 412 28 53 440 22 31 450 13 30 456 15 22 460 11 22 444 12 37 404 29 60 330 78 85 240 152 101 186 207 100 146 219 128 167 189 137 272 131 90 359 82 52 420 36 37 472 5 16 492 1 0 493 0 0 493 0 0 493 0 0 
493 0 0 493 0 0 486 1 6 455 17 21 391 48 54 354 78 61 318 87 88 320 85 88 353 57 83 394 41 58 417 33 43 432 24 37 427 25 41 397 38 58 346 68 79 267 130 96 194 185 114 152 223 118 143 219 131 190 174 129 281 127 85 368 80 45 427 32 34 475 5 13 492 1 0 493 0 0 493 0 0 493 0 0 
493 0 0 493 0 0 485 3 5 443 13 37 380 57 56 315 96 82 264 137 92 245 152 96 251 126 116 285 92 116 308 74 111 320 67 106 308 74 111 265 105 123 207 147 139 159 214 120 121 252 120 114 237 142 154 211 128 238 177 78 308 107 78 384 61 48 440 22 31 477 2 14 492 0 1 493 0 0 493 0 0 493 0 0 
493 0 0 493 0 0 485 3 5 453 11 29 390 43 60 329 95 69 239 149 105 197 207 89 170 222 101 167 218 108 162 204 127 170 192 131 158 205 130 135 241 117 104 285 104 80 300 113 91 278 124 128 232 133 211 185 97 286 129 78 352 77 64 413 33 47 462 12 19 485 1 7 493 0 0 493 0 0 493 0 0 493 0 0 
493 0 0 493 0 0 487 1 5 465 5 23 422 28 43 360 62 71 277 116 100 213 181 99 154 239 100 118 285 90 92 301 100 73 315 105 59 334 100 57 333 103 59 326 108 81 291 121 135 236 122 208 178 107 291 121 81 353 68 72 414 34 45 452 11 30 476 3 14 490 0 3 493 0 0 493 0 0 493 0 0 493 0 0 
493 0 0 493 0 0 491 0 2 477 2 14 448 13 32 417 28 48 350 55 88 284 94 115 213 148 132 145 200 148 113 255 125 90 281 122 82 276 135 88 258 147 129 222 142 188 175 130 247 119 127 321 72 100 384 35 74 423 21 49 461 7 25 481 3 9 490 1 2 492 0 1 493 0 0 493 0 0 493 0 0 493 0 0 
493 0 0 493 0 0 493 0 0 487 0 6 476 6 11 462 9 22 441 19 33 404 31 58 381 54 58 357 76 60 333 83 77 314 90 89 306 84 103 318 96 79 350 66 77 374 37 82 414 21 58 443 9 41 468 9 16 481 5 7 486 2 5 489 2 2 491 1 1 492 0 1 493 0 0 493 0 0 493 0 0 493 0 0 
493 0 0 493 0 0 493 0 0 492 0 1 490 1 2 490 1 2 484 3 6 477 5 11 473 3 17 469 9 15 471 13 9 466 12 15 467 15 11 466 11 16 474 7 12 484 4 5 487 2 4 489 0 4 488 1 4 491 1 1 491 1 1 492 1 0 492 0 1 493 0 0 493 0 0 493 0 0 493 0 0 493 0 0 
493 0 0 493 0 0 493 0 0 493 0 0 493 0 0 493 0 0 493 0 0 493 0 0 493 0 0 493 0 0 492 0 1 492 1 0 491 1 1 491 2 0 491 2 0 491 1 1 492 0 1 492 0 1 492 1 0 492 1 0 492 1 0 492 0 1 493 0 0 493 0 0 493 0 0 493 0 0 493 0 0 493 0 0 
493 0 0 493 0 0 493 0 0 493 0 0 493 0 0 493 0 0 493 0 0 493 0 0 493 0 0 493 0 0 493 0 0 493 0 0 493 0 0 493 0 0 493 0 0 493 0 0 493 0 0 493 0 0 493 0 0 493 0 0 493 0 0 493 0 0 493 0 0 493 0 0 493 0 0 493 0 0 493 0 0 493 0 0 
4
535
0.1
535 0 0 535 0 0 535 0 0 535 0 0 535 0 0 535 0 0 535 0 0 535 0 0 535 0 0 535 0 0 535 0 0 535 0 0 535 0 0 535 0 0 535 0 0 535 0 0 535 0 0 535 0 0 535 0 0 535 0 0 535 0 0 535 0 0 535 0 0 535 0 0 535 0 0 535 0 0 535 0 0 535 0 0 
535 0 0 535 0 0 535 0 0 535 0 0 535 0 0 535 0 0 535 0 0 535 0 0 535 0 0 535 0 0 535 0 0 535 0 0 535 0 0 535 0 0 535 0 0 535 0 0 535 0 0 535 0 0 535 0 0 535 0 0 535 0 0 535 0 0 535 0 0 535 0 0 535 0 0 535 0 0 535 0 0 535 0 0 
535 0 0 535 0 0 535 0 0 535 0 0 535 0 0 535 0 0 535 0 0 535 0 0 535 0 0 535 0 0 535 0 0 535 0 0 535 0 0 535 0 0 535 0 0 534 0 1 534 1 0 534 0 1 535 0 0 535 0 0 535 0 0 535 0 0 535 0 0 535 0 0 535 0 0 535 0 0 535 0 0 535 0 0 
535 0 0 535 0 0 535 0 0 535 0 0 535 0 0 535 0 0 535 0 0 535 0 0 535 0 0 535 0 0 535 0 0 534 0 1 534 1 0 534 0 1 534 0 1 533 1 1 533 2 0 533 0 2 533 0 2 533 1 1 530 1 4 531 3 1 532 1 2 535 0 0 535 0 0 535 0 0 535 0 0 535 0 0 
535 0 0 535 0 0 535 0 0 535 0 0 533 0 2 532 0 3 532 0 3 528 1 6 525 4 6 524 1 10 523 3 9 523 7 5 519 4 12 521 4 10 524 4 7 520 4 11 516 8 11 505 10 20 501 11 23 494 20 21 488 17 30 505 19 11 510 7 18 524 6 5 529 2 4 535 0 0 535 0 0 535 0 0 
535 0 0 535 0 0 535 0 0 535 0 0 532 1 2 528 2 5 517 4 14 506 9 20 497 12 26 481 9 45 468 22 45 466 27 42 463 20 52 472 19 44 488 17 30 491 16 28 463 27 45 445 44 46 417 40 78 405 54 76 402 54 79 431 42 62 443 36 56 473 26 36 497 8 30 531 1 3 535 0 0 535 0 0 
535 0 0 535 0 0 535 0 0 533 0 2 528 3 4 517 6 12 504 12 19 486 24 25 456 32 47 426 45 64 406 60 69 392 66 77 389 56 90 419 52 64 453 32 50 458 27 50 431 51 53 390 76 69 346 92 97 321 100 114 327 93 115 364 79 92 400 60 75 448 37 50 486 14 35 523 1 11 534 0 1 535 0 0 
535 0 0 535 0 0 535 0 0 532 0 3 522 2 11 512 10 13 488 18 29 461 33 41 415 62 58 363 80 92 330 103 102 322 104 109 331 94 110 375 83 77 422 50 63 434 37 64 399 72 64 346 102 87 292 131 112 263 144 128 295 137 103 332 111 92 391 67 77 457 41 37 492 20 23 522 6 7 532 2 1 535 0 0 
535 0 0 535 0 0 535 0 0 531 1 3 521 8 6 504 12 19 479 29 27 434 53 48 384 83 68 320 113 102 274 136 125 270 142 123 289 130 116 356 95 84 417 56 62 426 32 77 382 79 74 311 140 84 242 166 127 228 176 131 264 153 118 324 109 102 409 71 55 458 33 44 505 8 22 528 5 2 533 1 1 535 0 0 
535 0 0 535 0 0 535 0 0 530 2 3 518 8 9 499 15 21 468 33 34 412 64 59 345 108 82 270 152 113 234 176 125 236 174 125 276 145 114 364 96 75 425 37 73 429 35 71 365 92 78 261 158 116 202 204 129 191 197 147 252 166 117 349 112 74 425 55 55 479 20 36 521 5 9 528 1 6 534 0 1 535 0 0 
535 0 0 535 0 0 535 0 0 530 2 3 519 9 7 494 22 19 450 42 43 386 85 64 293 140 102 217 197 121 179 214 142 217 197 121 301 133 101 398 57 80 465 23 47 432 37 66 334 100 101 217 196 122 157 231 147 171 223 141 264 162 109 377 93 65 451 34 50 503 8 24 528 2 5 533 0 2 535 0 0 535 0 0 
535 0 0 535 0 0 534 1 0 528 2 5 513 8 14 488 26 21 434 55 46 324 107 104 234 195 106 151 233 151 155 238 142 244 189 102 333 87 115 439 34 62 474 19 42 416 48 71 280 129 126 164 237 134 116 261 158 175 242 118 284 136 115 407 63 65 473 23 39 514 3 18 529 0 6 535 0 0 535 0 0 535 0 0 
535 0 0 534 0 1 534 1 0 529 1 5 511 9 15 472 28 35 399 65 71 276 147 112 181 232 122 113 289 133 159 243 133 267 150 118 374 61 100 447 30 58 442 30 63 375 74 86 212 162 161 114 286 135 94 287 154 182 223 130 306 110 119 427 42 66 484 15 36 515 2 18 527 2 6 534 0 1 535 0 0 535 0 0 
535 0 0 534 1 0 534 1 0 530 0 5 510 11 14 459 33 43 348 91 96 226 200 109 126 279 130 79 308 148 149 243 143 247 147 141 353 82 100 371 64 100 357 83 95 267 132 136 129 243 163 67 352 116 80 316 139 181 204 150 303 107 125 412 47 76 470 25 40 503 8 24 522 6 7 534 0 1 535 0 0 535 0 0 
535 0 0 534 0 1 534 1 0 527 1 7 505 15 15 427 38 70 302 120 113 190 243 102 104 327 104 69 334 132 92 289 154 158 216 161 216 174 145 232 162 141 229 190 116 147 246 142 56 343 136 38 402 95 80 323 132 184 229 122 295 132 108 396 73 66 446 29 60 496 14 25 518 3 14 534 0 1 535 0 0 535 0 0 
535 0 0 535 0 0 534 0 1 527 3 5 506 15 14 417 49 69 289 142 104 176 253 106 111 332 92 79 357 99 70 337 128 79 324 132 96 301 138 105 290 140 91 293 151 67 356 112 31 408 96 32 402 101 96 310 129 195 199 141 321 120 94 402 63 70 455 28 52 501 12 22 523 2 10 534 0 1 534 0 1 535 0 0 
535 0 0 535 0 0 535 0 0 529 0 6 506 7 22 423 37 75 310 116 109 222 198 115 156 266 113 120 299 116 102 304 129 96 296 143 107 295 133 99 296 140 83 327 125 56 363 116 28 403 104 51 363 121 129 255 151 245 163 127 361 95 79 429 47 59 481 22 32 509 6 20 524 3 8 534 0 1 534 1 0 535 0 0 
535 0 0 535 0 0 535 0 0 534 0 1 522 2 11 456 27 52 387 67 81 319 126 90 271 146 118 246 166 123 239 173 123 224 173 138 225 177 133 190 197 148 147 259 129 99 318 118 72 333 130 115 285 135 215 179 141 328 108 99 408 58 69 462 26 47 504 8 23 522 6 7 527 3 5 533 0 2 534 1 0 535 0 0 
535 0 0 535 0 0 535 0 0 535 0 0 529 0 6 497 15 23 463 28 44 425 44 66 406 52 77 393 60 82 384 56 95 372 67 96 335 86 114 272 136 127 206 215 114 143 245 147 147 251 137 198 196 141 322 132 81 391 77 67 453 44 38 489 20 26 515 5 15 529 2 4 534 1 0 535 0 0 534 0 1 535 0 0 
535 0 0 535 0 0 535 0 0 535 0 0 534 1 0 521 6 8 502 10 23 498 14 23 495 14 26 488 17 30 479 27 29 451 33 51 378 63 94 310 131 94 239 192 104 199 214 122 203 205 127 262 151 122 356 116 63 415 61 59 469 39 27 498 17 20 519 4 12 531 1 3 534 1 0 535 0 0 535 0 0 535 0 0 
535 0 0 535 0 0 535 0 0 535 0 0 534 0 1 530 0 5 524 2 9 521 3 11 515 4 16 509 9 17 491 16 28 438 31 66 381 88 66 306 138 91 257 173 105 246 179 110 246 159 130 306 138 91 375 109 51 423 61 51 470 33 32 498 18 19 517 7 11 530 2 3 534 1 0 535 0 0 535 0 0 535 0 0 
535 0 0 535 0 0 535 0 0 535 0 0 535 0 0 535 0 0 533 0 2 530 1 4 523 4 8 513 12 10 478 20 37 426 51 58 365 95 75 312 138 85 289 152 94 287 156 92 282 130 123 340 118 77 390 103 42 420 56 59 467 36 32 495 22 18 515 9 11 527 3 5 533 1 1 534 0 1 535 0 0 535 0 0 
535 0 0 535 0 0 535 0 0 535 0 0 535 0 0 534 0 1 534 1 0 527 1 7 522 7 6 500 11 24 456 34 45 411 73 51 356 99 80 323 132 80 314 138 83 314 130 91 319 108 108 347 106 82 393 96 46 420 58 57 469 37 29 496 19 20 514 7 14 526 4 5 532 2 1 534 1 0 535 0 0 535 0 0 
535 0 0 535 0 0 535 0 0 535 0 0 535 0 0 534 0 1 531 0 4 528 4 3 515 3 17 485 16 34 451 45 39 408 69 58 369 93 73 339 103 93 344 114 77 338 109 88 351 95 89 362 86 87 400 77 58 436 54 45 469 30 36 498 13 24 518 6 11 527 3 5 532 0 3 535 0 0 535 0 0 535 0 0 
535 0 0 535 0 0 535 0 0 535 0 0 535 0 0 535 0 0 532 1 2 530 3 2 519 4 12 491 15 29 467 33 35 440 45 50 421 53 61 412 57 66 401 62 72 407 49 79 413 55 67 422 45 68 447 39 49 473 28 34 497 20 18 517 8 10 525 6 4 529 2 4 533 0 2 535 0 0 535 0 0 535 0 0 
535 0 0 535 0 0 535 0 0 535 0 0 535 0 0 535 0 0 535 0 0 533 0 2 530 3 2 519 6 10 517 7 11 518 7 10 515 7 13 504 10 21 491 17 27 490 19 26 498 17 20 511 10 14 521 3 11 524 5 6 526 3 6 531 0 4 533 1 1 533 0 2 534 0 1 535 0 0 535 0 0 535 0 0 
535 0 0 535 0 0 535 0 0 535 0 0 535 0 0 535 0 0 535 0 0 535 0 0 534 0 1 534 0 1 535 0 0 535 0 0 535 0 0 534 0 1 535 0 0 534 0 1 533 0 2 533 1 1 533 1 1 534 0 1 535 0 0 535 0 0 535 0 0 535 0 0 535 0 0 535 0 0 535 0 0 535 0 0 
535 0 0 535 0 0 535 0 0 535 0 0 535 0 0 535 0 0 535 0 0 535 0 0 535 0 0 535 0 0 535 0 0 535 0 0 535 0 0 535 0 0 535 0 0 535 0 0 535 0 0 535 0 0 535 0 0 535 0 0 535 0 0 535 0 0 535 0 0 535 0 0 535 0 0 535 0 0 535 0 0 535 0 0 
5
434
0.1
434 0 0 434 0 0 434 0 0 434 0 0 434 0 0 434 0 0 434 0 0 434 0 0 434 0 0 434 0 0 434 0 0 434 0 0 434 0 0 434 0 0 434 0 0 434 0 0 434 0 0 434 0 0 434 0 0 434 0 0 434 0 0 434 0 0 434 0 0 434 0 0 434 0 0 434 0 0 434 0 0 434 0 0 
434 0 0 434 0 0 434 0 0 434 0 0 434 0 0 434 0 0 434 0 0 434 0 0 434 0 0 434 0 0 434 0 0 434 0 0 434 0 0 434 0 0 434 0 0 434 0 0 434 0 0 434 0 0 434 0 0 434 0 0 434 0 0 434 0 0 434 0 0 434 0 0 434 0 0 434 0 0 434 0 0 434 0 0 
434 0 0 434 0 0 434 0 0 434 0 0 434 0 0 434 0 0 434 0 0 434 0 0 434 0 0 434 0 0 434 0 0 434 0 0 434 0 0 434 0 0 434 0 0 434 0 0 434 0 0 434 0 0 434 0 0 434 0 0 434 0 0 434 0 0 434 0 0 434 0 0 434 0 0 434 0 0 434 0 0 434 0 0 
434 0 0 434 0 0 434 0 0 434 0 0 434 0 0 434 0 0 434 0 0 434 0 0 434 0 0 434 0 0 434 0 0 432 0 2 430 0 4 428 1 5 426 1 7 424 2 8 425 3 6 428 1 5 430 1 3 428 1 5 428 1 5 427 3 4 427 3 4 429 1 4 431 0 3 434 0 0 434 0 0 434 0 0 
434 0 0 434 0 0 434 0 0 434 0 0 434 0 0 434 0 0 434 0 0 433 0 1 428 2 4 422 2 10 415 4 15 402 10 22 396 15 23 380 18 36 373 24 37 360 23 51 355 28 51 350 30 54 351 33 50 356 30 48 360 29 45 366 27 41 380 25 29 389 15 30 411 5 18 430 0 4 434 0 0 434 0 0 
434 0 0 434 0 0 434 0 0 434 0 0 434 0 0 434 0 0 430 1 3 418 3 13 406 12 16 391 17 26 370 28 36 339 40 55 310 54 70 285 70 79 263 80 91 248 99 87 239 107 88 235 111 88 241 113 80 243 105 86 262 95 77 287 79 68 314 58 62 342 39 53 372 19 43 414 4 16 431 0 3 434 0 0 
434 0 0 434 0 0 434 0 0 434 0 0 434 0 0 432 0 2 422 2 10 409 11 14 383 24 27 356 45 33 316 66 52 272 91 71 249 124 61 210 138 86 187 173 74 174 192 68 169 189 76 176 180 78 177 170 87 183 158 93 197 129 108 228 116 90 269 94 71 288 70 76 322 46 66 378 16 40 425 2 7 433 0 1 
434 0 0 434 0 0 434 0 0 434 0 0 434 0 0 428 2 4 418 5 11 398 14 22 364 40 30 323 67 44 276 107 51 229 136 69 181 155 98 151 184 99 142 196 96 131 194 109 136 190 108 146 178 110 166 163 105 173 166 95 185 146 103 208 128 98 242 108 84 257 91 86 294 58 82 349 25 60 416 5 13 433 0 1 
434 0 0 434 0 0 434 0 0 434 0 0 433 0 1 426 2 6 416 5 13 385 17 32 339 50 45 296 79 59 247 120 67 176 158 100 146 185 103 128 192 114 130 186 118 136 163 135 158 154 122 172 145 117 183 147 104 203 138 93 217 133 84 237 119 78 257 92 85 285 88 61 313 60 61 358 30 46 415 0 19 432 0 2 
434 0 0 434 0 0 434 0 0 434 0 0 431 1 2 426 3 5 412 8 14 372 23 39 322 67 45 262 99 73 201 126 107 152 181 101 137 188 109 136 188 110 168 169 97 210 131 93 235 116 83 245 110 79 258 94 82 272 85 77 298 76 60 319 64 51 332 45 57 341 35 58 359 32 43 389 10 35 425 1 8 433 0 1 
434 0 0 434 0 0 434 0 0 434 0 0 431 1 2 427 3 4 407 11 16 361 32 41 293 78 63 221 131 82 144 169 121 119 219 96 110 206 118 139 175 120 192 125 117 238 88 108 282 71 81 304 58 72 322 46 66 350 32 52 362 20 52 381 15 38 397 13 24 405 12 17 407 7 20 419 4 11 432 1 1 434 0 0 
434 0 0 434 0 0 434 0 0 434 0 0 429 0 5 426 6 2 395 12 27 343 43 48 263 98 73 179 155 100 112 215 107 86 235 113 108 200 126 158 165 111 204 101 129 252 81 101 283 58 93 324 46 64 357 29 48 384 19 31 405 7 22 418 4 12 425 3 6 427 2 5 427 1 6 430 1 3 433 0 1 434 0 0 
434 0 0 434 0 0 434 0 0 434 0 0 430 0 4 424 5 5 384 19 31 325 59 50 233 115 86 141 188 105 94 250 90 79 257 98 103 221 110 154 171 109 199 127 108 237 107 90 267 98 69 300 74 60 330 54 50 369 35 30 394 16 24 413 6 15 427 1 6 427 1 6 433 0 1 433 0 1 434 0 0 434 0 0 
434 0 0 434 0 0 434 0 0 434 0 0 430 1 3 420 3 11 385 28 21 319 65 50 224 128 82 133 195 106 90 244 100 69 255 110 103 223 108 127 191 116 167 163 104 190 144 100 222 124 88 246 104 84 286 89 59 329 59 46 365 32 37 401 14 19 421 4 9 431 2 1 432 0 2 434 0 0 434 0 0 434 0 0 
434 0 0 434 0 0 434 0 0 434 0 0 431 1 2 420 2 12 386 24 24 321 52 61 243 109 82 163 170 101 126 205 103 112 206 116 122 196 116 141 184 109 158 162 114 179 154 101 186 134 114 210 128 96 240 106 88 290 92 52 335 51 48 378 23 33 414 9 11 426 3 5 431 2 1 434 0 0 434 0 0 434 0 0 
434 0 0 434 0 0 434 0 0 432 0 2 429 1 4 417 5 12 393 12 29 361 27 46 296 57 81 246 109 79 211 136 87 201 135 98 199 132 103 208 138 88 208 134 92 206 125 103 203 139 92 199 142 93 226 129 79 252 104 78 310 75 49 364 39 31 401 13 20 422 3 9 431 3 0 433 0 1 434 0 0 434 0 0 
434 0 0 434 0 0 434 0 0 432 1 1 422 3 9 412 8 14 396 11 27 376 11 47 353 26 55 320 49 65 300 63 71 292 72 70 292 77 65 277 81 76 260 104 70 239 120 75 217 114 103 194 138 102 208 136 90 243 109 82 294 80 60 345 47 42 393 20 21 417 7 10 430 2 2 433 0 1 434 0 0 434 0 0 
434 0 0 434 0 0 434 0 0 432 0 2 421 6 7 395 16 23 361 21 52 360 30 44 365 21 48 372 21 41 363 20 51 363 24 47 352 28 54 325 44 65 294 67 73 250 102 82 215 125 94 199 152 83 199 138 97 235 115 84 281 84 69 337 58 39 382 27 25 410 7 17 431 3 0 433 1 0 434 0 0 434 0 0 
434 0 0 434 0 0 433 0 1 433 0 1 416 5 13 366 27 41 312 53 69 301 57 76 336 36 62 359 24 51 376 17 41 379 14 41 368 29 37 329 47 58 286 78 70 245 106 83 197 122 115 188 150 96 188 147 99 237 119 78 284 86 64 338 56 40 381 28 25 408 8 18 431 2 1 433 0 1 434 0 0 434 0 0 
434 0 0 434 0 0 432 2 0 431 2 1 413 8 13 350 35 49 265 93 76 231 112 91 253 89 92 281 62 91 309 45 80 316 45 73 303 55 76 274 83 77 237 106 91 207 130 97 184 138 112 173 154 107 183 150 101 238 118 78 299 82 53 344 49 41 386 26 22 412 7 15 430 2 2 433 0 1 434 0 0 434 0 0 
434 0 0 434 0 0 432 1 1 431 1 2 417 6 11 349 30 55 244 93 97 192 148 94 182 148 104 198 135 101 208 133 93 223 118 93 215 113 106 194 138 102 184 147 103 163 160 111 163 179 92 171 186 77 201 145 88 261 108 65 315 66 53 362 28 44 405 18 11 415 9 10 428 1 5 434 0 0 434 0 0 434 0 0 
434 0 0 434 0 0 434 0 0 433 0 1 420 1 13 363 24 47 272 86 76 191 137 106 158 178 98 132 195 107 129 204 101 129 191 114 133 195 106 134 194 106 137 201 96 137 203 94 153 195 86 175 160 99 238 126 70 291 76 67 338 44 52 384 25 25 411 14 9 421 5 8 430 1 3 434 0 0 434 0 0 434 0 0 
434 0 0 434 0 0 434 0 0 434 0 0 428 0 6 398 13 23 323 38 73 256 87 91 197 134 103 142 172 120 110 213 111 109 230 95 115 231 88 115 229 90 124 214 96 150 204 80 176 159 99 231 131 72 279 85 70 340 49 45 380 23 31 406 12 16 419 10 5 426 3 5 432 0 2 434 0 0 434 0 0 434 0 0 
434 0 0 434 0 0 434 0 0 434 0 0 431 0 3 423 2 9 377 10 47 331 33 70 282 65 87 223 95 116 182 138 114 160 171 103 157 184 93 167 182 85 180 164 90 208 131 95 258 93 83 301 59 74 353 36 45 383 15 36 408 13 13 419 7 8 426 4 4 431 1 2 433 0 1 434 0 0 434 0 0 434 0 0 
434 0 0 434 0 0 434 0 0 434 0 0 432 0 2 431 2 1 418 3 13 402 12 20 376 24 34 348 33 53 324 49 61 306 69 59 296 79 59 298 72 64 309 55 70 336 38 60 364 24 46 384 15 35 405 13 16 419 7 8 421 6 7 427 4 3 430 1 3 433 0 1 434 0 0 434 0 0 434 0 0 434 0 0 
434 0 0 434 0 0 434 0 0 434 0 0 434 0 0 433 0 1 431 1 2 425 2 7 421 6 7 411 9 14 408 14 12 407 9 18 408 10 16 411 8 15 413 4 17 422 4 8 424 4 6 427 3 4 430 1 3 433 0 1 434 0 0 434 0 0 434 0 0 434 0 0 434 0 0 434 0 0 434 0 0 434 0 0 
434 0 0 434 0 0 434 0 0 434 0 0 434 0 0 434 0 0 433 0 1 433 0 1 432 0 2 432 0 2 431 1 2 431 1 2 430 0 4 431 0 3 433 0 1 433 1 0 433 1 0 433 1 0 433 0 1 434 0 0 434 0 0 434 0 0 434 0 0 434 0 0 434 0 0 434 0 0 434 0 0 434 0 0 
434 0 0 434 0 0 434 0 0 434 0 0 434 0 0 434 0 0 434 0 0 434 0 0 434 0 0 434 0 0 434 0 0 434 0 0 434 0 0 434 0 0 434 0 0 434 0 0 434 0 0 434 0 0 434 0 0 434 0 0 434 0 0 434 0 0 434 0 0 434 0 0 434 0 0 434 0 0 434 0 0 434 0 0 
6
501
0.1
501 0 0 501 0 0 501 0 0 501 0 0 501 0 0 501 0 0 501 0 0 501 0 0 501 0 0 501 0 0 501 0 0 501 0 0 501 0 0 501 0 0 501 0 0 501 0 0 501 0 0 501 0 0 501 0 0 501 0 0 501 0 0 501 0 0 501 0 0 501 0 0 501 0 0 501 0 0 501 0 0 501 0 0 
501 0 0 501 0 0 501 0 0 501 0 0 501 0 0 501 0 0 501 0 0 500 0 1 499 1 1 499 2 0 497 0 4 498 2 1 497 1 3 497 2 2 496 1 4 494 2 5 496 2 3 497 2 2 498 1 2 498 0 3 498 2 1 499 1 1 500 0 1 501 0 0 501 0 0 501 0 0 501 0 0 501 0 0 
501 0 0 501 0 0 501 0 0 501 0 0 500 0 1 501 0 0 500 0 1 498 0 3 497 2 2 494 4 3 485 8 8 480 8 13 473 8 20 449 15 37 426 29 46 397 42 62 367 60 74 366 62 73 391 53 57 426 37 38 459 18 24 482 8 11 494 1 6 500 0 1 501 0 0 501 0 0 501 0 0 501 0 0 
501 0 0 501 0 0 501 0 0 501 0 0 501 0 0 500 0 1 498 1 2 498 0 3 495 5 1 485 5 11 474 16 11 456 20 25 433 31 37 391 51 59 325 84 92 262 121 118 225 148 128 220 152 129 273 123 105 338 78 85 411 36 54 464 18 19 485 5 11 496 0 5 500 0 1 501 0 0 501 0 0 501 0 0 
501 0 0 501 0 0 501 0 0 501 0 0 501 0 0 498 1 2 498 2 1 496 1 4 490 3 8 475 12 14 453 25 23 424 36 41 393 56 52 328 89 84 247 135 119 197 195 109 163 208 130 183 191 127 257 144 100 341 91 69 408 43 50 459 13 29 486 9 6 492 2 7 499 0 2 501 0 0 501 0 0 501 0 0 
501 0 0 501 0 0 501 0 0 501 0 0 501 0 0 498 1 2 497 2 2 494 3 4 486 6 9 458 17 26 436 40 25 393 63 45 331 87 83 260 134 107 194 196 111 156 225 120 166 216 119 225 172 104 307 112 82 375 62 64 432 24 45 477 12 12 488 4 9 493 1 7 499 0 2 500 0 1 500 0 1 501 0 0 
501 0 0 501 0 0 500 0 1 501 0 0 501 0 0 500 1 0 495 2 4 489 3 9 472 10 19 447 30 24 407 51 43 347 82 72 273 125 103 198 179 124 149 224 128 157 234 110 211 174 116 303 121 77 372 61 68 433 26 42 473 12 16 486 4 11 494 3 4 497 3 1 499 2 0 500 1 0 500 1 0 500 0 1 
501 0 0 501 0 0 501 0 0 501 0 0 501 0 0 499 1 1 495 3 3 485 5 11 464 13 24 420 41 40 370 75 56 299 122 80 216 155 130 156 222 123 149 235 117 206 194 101 286 126 89 368 63 70 431 22 48 470 7 24 488 4 9 494 4 3 495 3 3 498 3 0 499 1 1 500 0 1 500 1 0 500 0 1 
501 0 0 501 0 0 501 0 0 501 0 0 501 0 0 497 1 3 493 4 4 478 7 16 444 25 32 389 62 50 326 106 69 233 143 125 169 195 137 141 241 119 181 214 106 264 138 99 354 76 71 420 18 63 472 5 24 484 3 14 492 3 6 494 4 3 494 3 4 496 1 4 500 0 1 501 0 0 500 0 1 501 0 0 
501 0 0 501 0 0 501 0 0 501 0 0 501 0 0 496 1 4 485 4 12 463 16 22 417 36 48 355 88 58 273 127 101 178 177 146 147 240 114 153 232 116 240 170 91 328 88 85 410 25 66 469 5 27 483 5 13 486 10 5 484 8 9 487 6 8 492 5 4 495 1 5 500 0 1 501 0 0 501 0 0 501 0 0 
501 0 0 501 0 0 501 0 0 501 0 0 501 0 0 497 2 2 474 5 22 451 26 24 389 56 56 305 105 91 213 160 128 140 237 124 139 258 104 193 199 109 292 111 98 388 43 70 444 12 45 465 12 24 460 14 27 451 16 34 452 16 33 466 13 22 476 8 17 487 3 11 496 1 4 500 0 1 501 0 0 501 0 0 
501 0 0 501 0 0 501 0 0 501 0 0 501 0 0 490 4 7 471 16 14 434 31 36 363 74 64 267 139 95 165 205 131 130 259 112 156 232 113 235 151 115 342 68 91 410 29 62 419 27 55 386 37 78 366 49 86 364 56 81 385 47 69 413 41 47 452 21 28 469 13 19 482 5 14 499 0 2 501 0 0 501 0 0 
501 0 0 501 0 0 501 0 0 501 0 0 500 0 1 488 8 5 459 22 20 412 42 47 326 96 79 211 172 118 129 252 120 119 273 109 181 212 108 275 115 111 336 58 107 340 58 103 292 95 114 261 132 108 252 144 105 265 134 102 299 118 84 353 77 71 405 42 54 449 25 27 472 13 16 492 0 9 501 0 0 501 0 0 
501 0 0 501 0 0 501 0 0 501 0 0 499 0 2 486 12 3 446 21 34 394 58 49 273 117 111 171 212 118 114 284 103 123 262 116 205 186 110 268 109 124 273 123 105 222 178 101 174 212 115 160 227 114 173 221 107 199 206 96 231 172 98 287 114 100 375 65 61 424 37 40 460 21 20 487 4 10 501 0 0 501 0 0 
501 0 0 501 0 0 501 0 0 501 0 0 499 0 2 481 9 11 433 26 42 359 73 69 236 138 127 137 255 109 104 288 109 142 236 123 217 165 119 222 133 146 170 203 128 112 259 130 89 264 148 112 256 133 150 231 120 180 215 106 204 194 103 257 143 101 344 78 79 415 37 49 462 18 21 488 8 5 501 0 0 501 0 0 
501 0 0 501 0 0 501 0 0 501 0 0 500 0 1 482 8 11 423 32 46 332 78 91 203 178 120 119 282 100 104 277 120 153 210 138 196 181 124 172 192 137 133 247 121 102 268 131 122 255 124 146 239 116 162 206 133 173 199 129 191 200 110 234 147 120 334 92 75 403 43 55 459 17 25 490 6 5 501 0 0 501 0 0 
501 0 0 501 0 0 501 0 0 501 0 0 500 1 0 477 8 16 422 30 49 326 90 85 184 199 118 103 296 102 89 277 135 139 227 135 172 213 116 142 233 126 126 247 128 145 203 153 183 172 146 196 160 145 183 199 119 151 206 144 167 206 128 241 144 116 339 80 82 417 43 41 461 19 21 489 3 9 501 0 0 501 0 0 
501 0 0 501 0 0 501 0 0 501 0 0 500 0 1 481 5 15 423 28 50 316 96 89 184 211 106 98 303 100 73 291 137 116 266 119 137 230 134 143 223 135 164 204 133 213 176 112 217 151 133 199 184 118 145 217 139 120 246 135 168 229 104 248 125 128 363 59 79 438 34 29 468 12 21 492 2 7 500 0 1 501 0 0 
501 0 0 501 0 0 501 0 0 501 0 0 500 0 1 490 4 7 439 18 44 331 80 90 206 194 101 94 289 118 57 328 116 72 314 115 87 266 148 133 230 138 169 225 107 180 196 125 157 206 138 118 257 126 99 271 131 121 254 126 194 174 133 317 99 85 398 40 63 453 22 26 477 6 18 496 0 5 500 0 1 501 0 0 
501 0 0 501 0 0 501 0 0 501 0 0 500 0 1 495 1 5 459 10 32 371 51 79 251 139 111 133 257 111 59 344 98 36 370 95 58 363 80 83 318 100 88 287 126 98 286 117 73 301 127 69 306 126 92 267 142 165 189 147 283 122 96 367 50 84 447 23 31 470 11 20 491 1 9 500 0 1 501 0 0 501 0 0 
501 0 0 501 0 0 501 0 0 501 0 0 500 0 1 496 1 4 476 3 22 419 29 53 327 82 92 211 175 115 104 276 121 46 362 93 28 398 75 30 379 92 34 379 88 45 362 94 62 334 105 95 267 139 174 186 141 277 107 117 366 52 83 439 25 37 472 11 18 489 4 8 498 0 3 500 0 1 501 0 0 501 0 0 
501 0 0 501 0 0 501 0 0 501 0 0 501 0 0 499 0 2 492 1 8 462 10 29 415 30 56 327 72 102 219 144 138 126 218 157 71 287 143 63 322 116 65 309 127 97 260 144 140 193 168 224 127 150 314 81 106 395 44 62 444 14 43 479 6 16 491 1 9 499 0 2 501 0 0 501 0 0 501 0 0 501 0 0 
501 0 0 501 0 0 501 0 0 501 0 0 501 0 0 501 0 0 499 0 2 487 4 10 479 13 9 451 15 35 404 37 60 361 57 83 325 92 84 306 108 87 314 104 83 334 87 80 366 53 82 409 29 63 445 15 41 471 8 22 491 0 10 497 0 4 500 0 1 501 0 0 501 0 0 501 0 0 501 0 0 501 0 0 
501 0 0 501 0 0 501 0 0 501 0 0 501 0 0 501 0 0 501 0 0 499 0 2 497 1 3 496 3 2 493 1 7 490 1 10 484 2 15 481 8 12 481 11 9 483 6 12 487 4 10 493 2 6 496 2 3 497 2 2 499 0 2 501 0 0 501 0 0 501 0 0 501 0 0 501 0 0 501 0 0 501 0 0 
501 0 0 501 0 0 501 0 0 501 0 0 501 0 0 501 0 0 501 0 0 501 0 0 501 0 0 501 0 0 501 0 0 501 0 0 501 0 0 501 0 0 501 0 0 501 0 0 501 0 0 501 0 0 501 0 0 501 0 0 501 0 0 501 0 0 501 0 0 501 0 0 501 0 0 501 0 0 501 0 0 501 0 0 
501 0 0 501 0 0 501 0 0 501 0 0 501 0 0 501 0 0 501 0 0 501 0 0 501 0 0 501 0 0 501 0 0 501 0 0 501 0 0 501 0 0 501 0 0 501 0 0 501 0 0 501 0 0 501 0 0 501 0 0 501 0 0 501 0 0 501 0 0 501 0 0 501 0 0 501 0 0 501 0 0 501 0 0 
501 0 0 501 0 0 501 0 0 501 0 0 501 0 0 501 0 0 501 0 0 501 0 0 501 0 0 501 0 0 501 0 0 501 0 0 501 0 0 501 0 0 501 0 0 501 0 0 501 0 0 501 0 0 501 0 0 501 0 0 501 0 0 501 0 0 501 0 0 501 0 0 501 0 0 501 0 0 501 0 0 501 0 0 
501 0 0 501 0 0 501 0 0 501 0 0 501 0 0 501 0 0 501 0 0 501 0 0 501 0 0 501 0 0 501 0 0 501 0 0 501 0 0 501 0 0 501 0 0 501 0 0 501 0 0 501 0 0 501 0 0 501 0 0 501 0 0 501 0 0 501 0 0 501 0 0 501 0 0 501 0 0 501 0 0 501 0 0 
7
550
0.1
550 0 0 550 0 0 550 0 0 550 0 0 550 0 0 550 0 0 550 0 0 550 0 0 550 0 0 550 0 0 550 0 0 550 0 0 550 0 0 550 0 0 550 0 0 550 0 0 550 0 0 550 0 0 550 0 0 550 0 0 550 0 0 550 0 0 550 0 0 550 0 0 550 0 0 550 0 0 550 0 0 550 0 0 
550 0 0 550 0 0 550 0 0 550 0 0 550 0 0 550 0 0 550 0 0 550 0 0 550 0 0 550 0 0 550 0 0 550 0 0 550 0 0 550 0 0 550 0 0 550 0 0 550 0 0 550 0 0 550 0 0 550 0 0 550 0 0 550 0 0 550 0 0 550 0 0 550 0 0 550 0 0 550 0 0 550 0 0 
550 0 0 550 0 0 550 0 0 550 0 0 550 0 0 550 0 0 550 0 0 550 0 0 550 0 0 550 0 0 550 0 0 550 0 0 550 0 0 550 0 0 550 0 0 550 0 0 550 0 0 550 0 0 550 0 0 550 0 0 550 0 0 550 0 0 550 0 0 550 0 0 550 0 0 550 0 0 550 0 0 550 0 0 
550 0 0 550 0 0 550 0 0 550 0 0 550 0 0 550 0 0 550 0 0 550 0 0 550 0 0 550 0 0 550 0 0 550 0 0 550 0 0 550 0 0 550 0 0 550 0 0 550 0 0 550 0 0 550 0 0 550 0 0 550 0 0 550 0 0 550 0 0 550 0 0 550 0 0 550 0 0 550 0 0 550 0 0 
550 0 0 550 0 0 550 0 0 550 0 0 550 0 0 550 0 0 550 0 0 550 0 0 550 0 0 550 0 0 550 0 0 549 0 1 549 0 1 549 0 1 549 0 1 549 0 1 550 0 0 550 0 0 550 0 0 550 0 0 550 0 0 550 0 0 550 0 0 550 0 0 550 0 0 550 0 0 550 0 0 550 0 0 
550 0 0 550 0 0 550 0 0 550 0 0 550 0 0 549 0 1 549 0 1 546 1 3 545 2 3 544 4 2 542 3 5 542 3 5 541 4 5 542 4 4 541 5 4 542 5 3 543 0 7 547 0 3 549 0 1 550 0 0 550 0 0 549 0 1 549 1 0 550 0 0 550 0 0 550 0 0 550 0 0 550 0 0 
550 0 0 550 0 0 550 0 0 550 0 0 546 0 4 539 2 9 529 8 13 518 13 19 510 19 21 503 21 26 484 22 44 482 25 43 470 29 51 460 35 55 457 38 55 459 37 54 463 41 46 475 29 46 486 22 42 510 10 30 526 4 20 535 8 7 538 9 3 545 1 4 550 0 0 550 0 0 550 0 0 550 0 0 
549 0 1 549 0 1 548 0 2 541 2 7 523 8 19 501 17 32 458 31 61 428 53 69 383 68 99 325 82 143 297 120 133 263 134 153 240 136 174 223 152 175 211 157 182 212 169 169 205 180 165 220 179 151 247 142 161 300 110 140 378 71 101 445 36 69 501 17 32 534 4 12 547 0 3 550 0 0 550 0 0 550 0 0 
549 0 1 548 1 1 541 3 6 523 7 20 486 22 42 436 48 66 375 84 91 302 125 123 234 173 143 186 232 132 137 268 145 111 307 132 93 336 121 89 339 122 83 348 119 72 363 115 79 375 96 93 358 99 107 316 127 170 257 123 273 174 103 357 94 99 458 39 53 515 8 27 545 0 5 550 0 0 550 0 0 550 0 0 
549 0 1 545 1 4 535 3 12 513 17 20 465 36 49 396 78 76 334 130 86 243 195 112 171 266 113 117 313 120 87 352 111 73 359 118 71 352 127 73 331 146 79 341 130 67 337 146 46 363 141 47 375 128 69 369 112 128 317 105 218 236 96 328 128 94 440 50 60 508 6 36 544 0 6 550 0 0 550 0 0 550 0 0 
550 0 0 546 2 2 535 5 10 509 19 22 455 40 55 397 78 75 334 126 90 253 178 119 192 240 118 156 261 133 140 264 146 158 245 147 188 218 144 206 196 148 219 180 151 195 207 148 143 265 142 81 332 137 71 350 129 122 309 119 218 234 98 336 119 95 454 47 49 517 12 21 544 1 5 550 0 0 550 0 0 550 0 0 
550 0 0 547 1 2 539 5 6 513 18 19 473 35 42 442 63 45 382 91 77 309 132 109 268 172 110 252 184 114 279 164 107 315 135 100 349 102 99 372 90 88 386 87 77 319 102 129 210 181 159 122 277 151 81 326 143 134 298 118 236 195 119 364 100 86 468 33 49 522 6 22 546 1 3 550 0 0 550 0 0 550 0 0 
550 0 0 549 1 0 541 2 7 522 8 20 495 20 35 469 45 36 416 61 73 378 100 72 350 120 80 349 118 83 374 95 81 418 66 66 453 46 51 466 35 49 448 38 64 366 75 109 231 180 139 114 273 163 90 321 139 172 276 102 272 155 123 400 63 87 489 27 34 530 4 16 548 0 2 550 0 0 550 0 0 550 0 0 
550 0 0 549 0 1 547 1 2 533 4 13 515 16 19 498 32 20 464 46 40 433 64 53 421 83 46 418 65 67 445 39 66 478 25 47 499 16 35 504 13 33 459 30 61 336 85 129 185 231 134 98 323 129 103 313 134 194 215 141 331 108 111 437 45 68 505 15 30 539 3 8 548 0 2 549 0 1 550 0 0 550 0 0 
550 0 0 550 0 0 549 0 1 543 2 5 525 10 15 511 21 18 488 26 36 465 43 42 457 54 39 471 34 45 492 16 42 505 14 31 508 14 28 495 20 35 425 51 74 265 147 138 132 288 130 94 350 106 116 281 153 247 170 133 383 86 81 463 37 50 511 17 22 534 7 9 545 1 4 547 0 3 550 0 0 550 0 0 
550 0 0 550 0 0 550 0 0 547 2 1 531 3 16 519 16 15 508 27 15 487 30 33 490 28 32 493 27 30 496 21 33 498 25 27 491 32 27 456 40 54 327 85 138 186 246 118 92 335 123 78 353 119 157 238 155 306 137 107 402 75 73 480 31 39 511 14 25 532 5 13 544 3 3 547 1 2 550 0 0 550 0 0 
550 0 0 550 0 0 550 0 0 548 1 1 538 5 7 525 13 12 515 17 18 506 22 22 496 26 28 496 31 23 495 35 20 485 41 24 470 54 26 391 73 86 237 171 142 134 323 93 79 374 97 103 290 157 225 195 130 346 109 95 439 50 61 496 24 30 524 17 9 536 6 8 546 1 3 549 0 1 550 0 0 550 0 0 
550 0 0 550 0 0 550 0 0 548 0 2 541 3 6 534 7 9 530 10 10 517 11 22 510 19 21 509 25 16 499 27 24 475 35 40 429 58 63 303 117 130 178 263 109 92 361 97 86 322 142 182 221 147 311 134 105 408 62 80 480 28 42 520 12 18 532 4 14 541 1 8 545 0 5 548 0 2 550 0 0 550 0 0 
550 0 0 550 0 0 548 0 2 548 0 2 546 2 2 546 2 2 541 1 8 535 3 12 525 6 19 522 7 21 505 13 32 467 34 49 373 74 103 251 182 117 141 298 111 100 333 117 143 247 160 272 167 111 370 88 92 461 38 51 506 17 27 531 7 12 542 2 6 546 1 3 548 1 1 550 0 0 550 0 0 550 0 0 
550 0 0 550 0 0 548 0 2 549 0 1 549 0 1 549 0 1 548 1 1 544 0 6 541 0 9 531 3 16 499 15 36 430 50 70 310 124 116 207 231 112 130 309 111 125 271 154 218 189 143 343 123 84 422 54 74 502 22 26 521 14 15 537 6 7 546 1 3 549 1 0 549 0 1 550 0 0 550 0 0 550 0 0 
550 0 0 550 0 0 550 0 0 550 0 0 550 0 0 550 0 0 548 0 2 544 2 4 540 5 5 513 11 26 459 41 50 358 91 101 262 188 100 176 264 110 143 268 139 194 223 133 284 156 110 386 87 77 463 34 53 515 18 17 529 11 10 541 4 5 547 0 3 550 0 0 550 0 0 550 0 0 550 0 0 550 0 0 
550 0 0 550 0 0 550 0 0 550 0 0 550 0 0 548 0 2 546 2 2 540 3 7 520 7 23 474 30 46 407 78 65 306 145 99 238 226 86 177 231 142 198 226 126 260 191 99 330 131 89 416 58 76 487 26 37 524 16 10 533 9 8 543 5 2 549 0 1 550 0 0 550 0 0 550 0 0 550 0 0 550 0 0 
550 0 0 550 0 0 550 0 0 550 0 0 549 0 1 547 2 1 543 3 4 529 4 17 492 19 39 434 65 51 344 118 88 289 195 66 231 210 109 212 201 137 244 192 114 297 165 88 368 114 68 442 42 66 498 21 31 528 15 7 534 9 7 542 4 4 547 0 3 550 0 0 550 0 0 550 0 0 550 0 0 550 0 0 
550 0 0 550 0 0 550 0 0 550 0 0 548 1 1 542 2 6 535 5 10 501 15 34 457 49 44 391 91 68 328 156 66 278 175 97 247 177 126 265 169 116 291 161 98 330 142 78 388 92 70 463 35 52 505 20 25 530 15 5 535 8 7 544 4 2 548 0 2 550 0 0 550 0 0 550 0 0 550 0 0 550 0 0 
550 0 0 550 0 0 550 0 0 550 0 0 547 0 3 539 4 7 522 12 16 481 32 37 425 73 52 362 119 69 318 149 83 299 163 88 280 147 123 311 150 89 323 132 95 364 113 73 405 80 65 463 38 49 505 21 24 531 13 6 536 8 6 543 5 2 547 0 3 550 0 0 550 0 0 550 0 0 550 0 0 550 0 0 
550 0 0 550 0 0 550 0 0 550 0 0 549 0 1 537 4 9 512 10 28 468 38 44 419 75 56 371 103 76 345 134 71 328 121 101 338 111 101 352 109 89 354 101 95 394 92 64 426 67 57 469 35 46 509 20 21 532 13 5 538 7 5 543 5 2 546 0 4 549 0 1 550 0 0 550 0 0 550 0 0 550 0 0 
550 0 0 550 0 0 550 0 0 550 0 0 549 0 1 544 2 4 523 7 20 495 25 30 462 40 48 442 50 58 421 65 64 409 57 84 423 63 64 434 54 62 437 54 59 444 43 63 478 37 35 497 22 31 520 14 16 534 11 5 540 5 5 544 5 1 547 1 2 549 0 1 550 0 0 550 0 0 550 0 0 550 0 0 
550 0 0 550 0 0 550 0 0 550 0 0 550 0 0 549 0 1 547 1 2 545 3 2 543 3 4 542 3 5 537 5 8 531 7 12 525 12 13 524 12 14 526 9 15 531 5 14 535 4 11 537 2 11 543 1 6 547 1 2 549 0 1 548 0 2 548 0 2 550 0 0 550 0 0 550 0 0 550 0 0 550 0 0 
8
462
0.1
462 0 0 462 0 0 462 0 0 462 0 0 462 0 0 462 0 0 462 0 0 462 0 0 462 0 0 462 0 0 462 0 0 462 0 0 462 0 0 462 0 0 462 0 0 462 0 0 462 0 0 462 0 0 462 0 0 462 0 0 462 0 0 462 0 0 462 0 0 462 0 0 462 0 0 462 0 0 462 0 0 462 0 0 
462 0 0 462 0 0 462 0 0 462 0 0 462 0 0 462 0 0 462 0 0 462 0 0 462 0 0 462 0 0 462 0 0 462 0 0 462 0 0 462 0 0 462 0 0 462 0 0 462 0 0 462 0 0 462 0 0 462 0 0 462 0 0 462 0 0 462 0 0 462 0 0 462 0 0 462 0 0 462 0 0 462 0 0 
462 0 0 462 0 0 462 0 0 462 0 0 462 0 0 462 0 0 462 0 0 462 0 0 462 0 0 462 0 0 462 0 0 462 0 0 462 0 0 462 0 0 462 0 0 462 0 0 462 0 0 462 0 0 462 0 0 462 0 0 462 0 0 462 0 0 462 0 0 462 0 0 462 0 0 462 0 0 462 0 0 462 0 0 
462 0 0 462 0 0 462 0 0 462 0 0 462 0 0 462 0 0 462 0 0 462 0 0 462 0 0 462 0 0 461 0 1 461 0 1 460 0 2 459 1 2 459 2 1 458 1 3 457 0 5 458 3 1 458 1 3 460 1 1 461 0 1 462 0 0 462 0 0 462 0 0 462 0 0 462 0 0 462 0 0 462 0 0 
462 0 0 462 0 0 462 0 0 462 0 0 462 0 0 461 0 1 462 0 0 461 0 1 460 1 1 458 1 3 454 3 5 442 4 16 424 7 31 406 17 39 383 31 48 363 43 56 356 54 52 358 51 53 375 41 46 399 25 38 420 9 33 442 5 15 454 3 5 458 0 4 461 0 1 462 0 0 462 0 0 462 0 0 
462 0 0 462 0 0 462 0 0 462 0 0 462 0 0 462 0 0 461 0 1 459 1 2 453 2 7 427 3 32 389 13 60 324 40 98 272 79 111 206 118 138 148 172 142 107 202 153 93 221 148 119 211 132 166 166 130 233 125 104 302 79 81 357 42 63 407 14 41 436 9 17 450 1 11 459 0 3 460 0 2 462 0 0 
462 0 0 462 0 0 462 0 0 462 0 0 461 0 1 462 0 0 457 0 5 446 2 14 412 12 38 356 38 68 289 78 95 212 144 106 147 191 124 83 253 126 53 309 100 51 322 89 51 303 108 69 295 98 99 240 123 157 193 112 223 136 103 290 88 84 356 50 56 406 20 36 435 8 19 455 3 4 458 0 4 460 0 2 
462 0 0 462 0 0 462 0 0 462 0 0 461 0 1 458 0 4 449 5 8 414 15 33 362 39 61 286 96 80 217 155 90 148 201 113 112 241 109 80 261 121 80 248 134 89 231 142 104 223 135 109 212 141 117 202 143 148 180 134 197 145 120 255 110 97 317 69 76 377 34 51 422 11 29 451 5 6 457 2 3 460 1 1 
462 0 0 462 0 0 462 0 0 462 0 0 460 0 2 451 3 8 430 11 21 392 31 39 327 81 54 240 134 88 168 179 115 130 220 112 116 218 128 143 186 133 180 148 134 211 117 134 216 118 128 200 144 118 169 164 129 169 177 116 191 155 116 230 131 101 279 84 99 358 47 57 410 24 28 447 4 11 457 1 4 461 0 1 
462 0 0 462 0 0 462 0 0 462 0 0 456 1 5 445 8 9 417 20 25 382 46 34 312 90 60 228 142 92 160 181 121 146 202 114 164 179 119 217 134 111 267 84 111 308 68 86 280 83 99 228 121 113 172 162 128 152 178 132 164 185 113 219 149 94 285 97 80 351 57 54 408 16 38 446 1 15 461 0 1 462 0 0 
462 0 0 462 0 0 462 0 0 462 0 0 456 3 3 440 11 11 420 27 15 370 49 43 324 89 49 234 118 110 168 184 110 149 183 130 174 166 122 243 122 97 292 72 98 308 56 98 258 99 105 199 143 120 137 183 142 133 215 114 155 194 113 236 121 105 322 76 64 378 29 55 426 8 28 456 2 4 461 0 1 462 0 0 
462 0 0 462 0 0 462 0 0 462 0 0 456 3 3 440 13 9 419 24 19 375 38 49 329 78 55 262 117 83 184 175 103 148 198 116 154 191 117 197 146 119 262 97 103 245 97 120 185 153 124 120 201 141 109 231 122 141 203 118 209 140 113 294 71 97 369 36 57 419 12 31 448 6 8 457 1 4 461 0 1 461 0 1 
462 0 0 462 0 0 462 0 0 462 0 0 457 4 1 445 11 6 423 15 24 395 31 36 348 55 59 279 103 80 212 154 96 143 198 121 121 213 128 145 198 119 174 182 106 136 193 133 94 253 115 82 248 132 137 215 110 207 143 112 287 75 100 367 38 57 415 17 30 445 11 6 451 3 8 459 2 1 461 1 0 461 0 1 
462 0 0 462 0 0 462 0 0 462 0 0 458 1 3 450 6 6 435 13 14 407 27 28 369 53 40 314 78 70 247 133 82 144 178 140 76 253 133 67 278 117 75 281 106 62 309 91 45 302 115 96 225 141 204 134 124 298 70 94 371 39 52 414 25 23 435 12 15 449 3 10 455 1 6 459 0 3 462 0 0 462 0 0 
462 0 0 462 0 0 462 0 0 462 0 0 462 0 0 454 0 8 444 6 12 423 17 22 390 32 40 345 64 53 262 106 94 146 173 143 54 286 122 35 347 80 28 369 65 23 359 80 49 280 133 149 171 142 267 81 114 363 42 57 410 22 30 434 12 16 447 7 8 453 5 4 457 3 2 461 0 1 462 0 0 462 0 0 
462 0 0 462 0 0 462 0 0 462 0 0 462 0 0 458 2 2 449 5 8 436 10 16 409 20 33 345 45 72 244 98 120 118 184 160 47 313 102 23 366 73 30 369 63 38 318 106 99 227 136 207 144 111 303 66 93 381 41 40 413 20 29 438 9 15 451 6 5 452 4 6 457 4 1 462 0 0 462 0 0 462 0 0 
462 0 0 462 0 0 462 0 0 462 0 0 461 0 1 456 3 3 448 6 8 432 10 20 392 24 46 294 63 105 183 150 129 87 247 128 55 305 102 51 310 101 75 289 98 90 247 125 133 197 132 218 143 101 297 90 75 366 40 56 408 27 27 429 17 16 448 6 8 453 4 5 457 3 2 462 0 0 462 0 0 462 0 0 
462 0 0 462 0 0 462 0 0 462 0 0 460 0 2 455 2 5 441 8 13 397 20 45 333 56 73 224 125 113 117 224 121 78 261 123 100 247 115 134 199 129 145 196 121 156 195 111 166 176 120 216 142 104 290 103 69 348 47 67 397 33 32 422 22 18 437 8 17 449 4 9 457 1 4 462 0 0 462 0 0 462 0 0 
462 0 0 462 0 0 462 0 0 462 0 0 460 0 2 448 2 12 419 12 31 352 51 59 270 94 98 163 182 117 112 245 105 111 211 140 161 165 136 207 136 119 220 157 85 189 157 116 192 166 104 219 135 108 280 103 79 340 64 58 376 39 47 412 25 25 432 15 15 447 5 10 457 2 3 462 0 0 462 0 0 462 0 0 
462 0 0 462 0 0 462 0 0 462 0 0 460 1 1 436 6 20 397 28 37 314 66 82 232 135 95 147 204 111 120 212 130 171 162 129 235 120 107 252 101 109 244 125 93 213 136 113 204 146 112 225 138 99 262 109 91 321 74 67 375 47 40 408 27 27 434 14 14 448 6 8 458 1 3 462 0 0 462 0 0 462 0 0 
462 0 0 462 0 0 462 0 0 462 0 0 459 0 3 429 13 20 367 41 54 290 94 78 204 162 96 129 199 134 154 205 103 192 133 137 238 109 115 238 114 110 215 131 116 210 152 100 198 150 114 206 143 113 251 121 90 313 86 63 373 50 39 408 25 29 438 12 12 450 5 7 459 2 1 462 0 0 462 0 0 462 0 0 
462 0 0 462 0 0 462 0 0 462 0 0 458 0 4 423 16 23 367 51 44 286 99 77 200 158 104 149 196 117 134 210 118 143 172 147 154 164 144 149 176 137 146 182 134 164 178 120 179 160 123 212 158 92 268 123 71 322 70 70 382 39 41 419 20 23 440 10 12 452 4 6 460 2 0 462 0 0 462 0 0 462 0 0 
462 0 0 462 0 0 462 0 0 462 0 0 460 0 2 428 12 22 378 46 38 301 86 75 225 147 90 156 196 110 91 236 135 69 262 131 56 281 125 67 276 119 95 240 127 136 200 126 189 170 103 233 142 87 286 101 75 349 56 57 401 19 42 435 11 16 443 7 12 456 2 4 460 0 2 462 0 0 462 0 0 462 0 0 
462 0 0 462 0 0 462 0 0 462 0 0 462 0 0 440 4 18 400 25 37 344 56 62 276 108 78 207 172 83 136 224 102 80 270 112 58 298 106 67 269 126 116 217 129 177 173 112 234 140 88 281 94 87 343 56 63 392 29 41 433 15 14 447 10 5 452 3 7 460 0 2 461 0 1 462 0 0 462 0 0 462 0 0 
462 0 0 462 0 0 462 0 0 462 0 0 462 0 0 455 0 7 433 8 21 407 23 32 368 39 55 327 73 62 279 86 97 242 111 109 222 115 125 228 125 109 259 109 94 297 78 87 335 61 66 367 30 65 405 14 43 431 7 24 446 5 11 452 2 8 460 1 1 462 0 0 462 0 0 462 0 0 462 0 0 462 0 0 
462 0 0 462 0 0 462 0 0 462 0 0 462 0 0 462 0 0 462 0 0 459 0 3 458 3 1 456 3 3 453 4 5 448 4 10 443 5 14 440 4 18 440 9 13 445 6 11 450 5 7 455 2 5 456 1 5 457 1 4 460 1 1 462 0 0 462 0 0 462 0 0 462 0 0 462 0 0 462 0 0 462 0 0 
462 0 0 462 0 0 462 0 0 462 0 0 462 0 0 462 0 0 462 0 0 462 0 0 462 0 0 462 0 0 462 0 0 462 0 0 462 0 0 462 0 0 462 0 0 462 0 0 462 0 0 462 0 0 462 0 0 462 0 0 462 0 0 461 0 1 461 0 1 461 0 1 462 0 0 462 0 0 462 0 0 462 0 0 
462 0 0 462 0 0 462 0 0 462 0 0 462 0 0 462 0 0 462 0 0 462 0 0 462 0 0 462 0 0 462 0 0 462 0 0 462 0 0 462 0 0 462 0 0 462 0 0 462 0 0 462 0 0 462 0 0 462 0 0 462 0 0 462 0 0 462 0 0 462 0 0 462 0 0 462 0 0 462 0 0 462 0 0 
9
495
0.1
495 0 0 495 0 0 495 0 0 495 0 0 495 0 0 495 0 0 495 0 0 495 0 0 495 0 0 495 0 0 495 0 0 495 0 0 495 0 0 495 0 0 495 0 0 495 0 0 495 0 0 495 0 0 495 0 0 495 0 0 495 0 0 495 0 0 495 0 0 495 0 0 495 0 0 495 0 0 495 0 0 495 0 0 
495 0 0 495 0 0 495 0 0 495 0 0 495 0 0 495 0 0 495 0 0 495 0 0 495 0 0 495 0 0 495 0 0 495 0 0 495 0 0 495 0 0 495 0 0 495 0 0 495 0 0 495 0 0 495 0 0 495 0 0 495 0 0 495 0 0 495 0 0 495 0 0 495 0 0 495 0 0 495 0 0 495 0 0 
495 0 0 495 0 0 495 0 0 495 0 0 495 0 0 495 0 0 495 0 0 495 0 0 495 0 0 495 0 0 495 0 0 495 0 0 495 0 0 495 0 0 495 0 0 495 0 0 495 0 0 495 0 0 495 0 0 495 0 0 495 0 0 495 0 0 495 0 0 495 0 0 495 0 0 495 0 0 495 0 0 495 0 0 
495 0 0 495 0 0 495 0 0 495 0 0 495 0 0 495 0 0 495 0 0 495 0 0 495 0 0 495 0 0 495 0 0 495 0 0 495 0 0 495 0 0 495 0 0 495 0 0 495 0 0 495 0 0 495 0 0 495 0 0 495 0 0 495 0 0 495 0 0 495 0 0 495 0 0 495 0 0 495 0 0 495 0 0 
495 0 0 495 0 0 495 0 0 495 0 0 495 0 0 495 0 0 495 0 0 495 0 0 495 0 0 495 0 0 494 0 1 493 0 2 492 1 2 492 2 1 492 2 1 492 2 1 492 1 2 494 0 1 495 0 0 495 0 0 495 0 0 495 0 0 495 0 0 495 0 0 495 0 0 495 0 0 495 0 0 495 0 0 
495 0 0 495 0 0 495 0 0 495 0 0 495 0 0 495 0 0 495 0 0 495 0 0 495 0 0 494 0 1 490 1 4 482 5 8 476 11 8 475 13 7 470 14 11 466 12 17 472 14 9 475 9 11 483 6 6 488 6 1 489 1 5 494 0 1 495 0 0 495 0 0 495 0 0 495 0 0 495 0 0 495 0 0 
495 0 0 495 0 0 495 0 0 495 0 0 495 0 0 495 0 0 493 0 2 491 1 3 485 1 9 465 7 23 436 16 43 400 27 68 325 65 105 254 86 155 208 138 149 192 171 132 204 165 126 249 135 111 310 95 90 367 55 73 421 18 56 465 3 27 492 0 3 494 0 1 495 0 0 495 0 0 495 0 0 495 0 0 
495 0 0 495 0 0 495 0 0 495 0 0 495 0 0 493 0 2 489 2 4 476 6 13 453 13 29 404 32 59 335 68 92 238 124 133 129 198 168 68 277 150 28 342 125 30 352 113 43 345 107 84 274 137 169 199 127 259 129 107 347 65 83 426 22 47 475 6 14 487 0 8 493 0 2 495 0 0 495 0 0 495 0 0 
495 0 0 495 0 0 495 0 0 495 0 0 493 1 1 489 1 5 472 4 19 443 19 33 403 42 50 318 89 88 203 155 137 90 253 152 43 329 123 42 328 125 55 299 141 81 277 137 84 277 134 81 258 156 121 223 151 196 171 128 298 106 91 391 42 62 454 11 30 485 2 8 493 0 2 495 0 0 495 0 0 495 0 0 
495 0 0 495 0 0 495 0 0 495 0 0 491 1 3 476 1 18 452 14 29 408 44 43 330 83 82 210 149 136 98 240 157 63 311 121 81 277 137 157 200 138 205 130 160 234 111 150 198 144 153 149 199 147 131 209 155 174 182 139 276 114 105 382 51 62 446 16 33 480 1 14 494 1 0 495 0 0 495 0 0 495 0 0 
495 0 0 495 0 0 495 0 0 495 0 0 488 2 5 461 9 25 435 33 27 365 68 62 263 127 105 117 210 168 91 298 106 104 255 136 197 145 153 307 64 124 380 31 84 357 48 90 276 113 106 165 188 142 122 238 135 142 201 152 253 124 118 372 57 66 439 17 39 480 3 12 492 1 2 495 0 0 495 0 0 495 0 0 
495 0 0 495 0 0 495 0 0 495 0 0 483 1 11 450 16 29 412 44 39 320 94 81 200 163 132 105 251 139 117 261 117 188 152 155 325 55 115 410 24 61 414 29 52 345 61 89 224 142 129 112 240 143 86 283 126 137 224 134 254 126 115 374 52 69 449 11 35 487 4 4 493 1 1 494 0 1 495 0 0 495 0 0 
495 0 0 495 0 0 495 0 0 493 1 1 480 3 12 446 26 23 389 55 51 274 107 114 177 201 117 112 258 125 137 198 160 272 119 104 354 57 84 386 48 61 339 60 96 241 114 140 126 228 141 58 325 112 76 315 104 142 223 130 282 103 110 394 35 66 471 10 14 490 2 3 494 1 0 494 0 1 495 0 0 495 0 0 
495 0 0 495 0 0 495 0 0 491 2 2 477 6 12 446 22 27 385 53 57 259 115 121 172 214 109 120 244 131 158 190 147 252 138 105 293 108 94 262 119 114 212 153 130 128 231 136 67 334 94 32 388 75 78 310 107 186 174 135 328 66 101 433 22 40 474 3 18 493 2 0 494 0 1 494 1 0 494 0 1 495 0 0 
495 0 0 495 0 0 495 0 0 491 1 3 479 7 9 447 20 28 393 50 52 284 113 98 192 189 114 144 217 134 144 213 138 179 187 129 180 197 118 166 215 114 123 230 142 78 296 121 37 382 76 28 381 86 105 265 125 246 128 121 382 50 63 448 17 30 478 4 13 492 1 2 495 0 0 494 1 0 494 0 1 495 0 0 
495 0 0 495 0 0 495 0 0 492 0 3 483 5 7 452 17 26 412 44 39 323 85 87 232 147 116 186 192 117 159 225 111 154 212 129 151 213 131 144 219 132 112 235 148 66 286 143 36 379 80 50 331 114 158 196 141 308 94 93 412 38 45 466 14 15 481 3 11 493 0 2 495 0 0 494 1 0 493 0 2 495 0 0 
495 0 0 495 0 0 495 0 0 493 0 2 488 3 4 470 10 15 434 25 36 380 58 57 306 97 92 251 139 105 208 173 114 199 176 120 194 170 131 181 163 151 146 197 152 76 290 129 44 341 110 98 276 121 222 152 121 353 69 73 435 27 33 468 9 18 487 4 4 494 0 1 495 0 0 494 0 1 494 0 1 495 0 0 
495 0 0 495 0 0 494 0 1 493 0 2 493 1 1 481 3 11 460 13 22 430 24 41 393 46 56 345 77 73 310 94 91 297 103 95 285 106 104 237 126 132 161 188 146 93 279 123 78 283 134 146 219 130 275 118 102 379 53 63 441 24 30 477 7 11 488 3 4 492 0 3 495 0 0 495 0 0 495 0 0 495 0 0 
495 0 0 495 0 0 494 0 1 494 1 0 494 1 0 489 2 4 482 5 8 467 13 15 444 18 33 421 30 44 402 42 51 383 48 64 342 59 94 267 102 126 165 186 144 120 244 131 120 220 155 207 164 124 315 99 81 389 55 51 449 22 24 480 8 7 485 5 5 490 1 4 494 0 1 495 0 0 495 0 0 495 0 0 
495 0 0 495 0 0 495 0 0 494 1 0 494 1 0 490 1 4 487 3 5 479 6 10 472 8 15 465 15 15 438 16 41 406 30 59 352 64 79 263 133 99 189 199 107 166 217 112 183 168 144 268 133 94 347 85 63 402 55 38 447 19 29 482 8 5 485 5 5 491 2 2 492 0 3 495 0 0 495 0 0 495 0 0 
495 0 0 495 0 0 495 0 0 494 1 0 494 1 0 493 1 1 487 3 5 486 6 3 483 4 8 464 6 25 446 21 28 405 45 45 323 91 81 244 143 108 205 187 103 207 182 106 245 141 109 299 111 85 366 78 51 411 52 32 448 19 28 477 7 11 485 5 5 491 2 2 492 2 1 495 0 0 495 0 0 495 0 0 
495 0 0 495 0 0 495 0 0 495 0 0 494 0 1 493 0 2 489 2 4 484 4 7 475 5 15 454 19 22 415 39 41 356 66 73 294 119 82 248 162 85 223 169 103 234 147 114 272 110 113 340 101 54 375 75 45 415 48 32 447 27 21 470 7 18 485 5 5 491 2 2 492 0 3 495 0 0 495 0 0 495 0 0 
495 0 0 495 0 0 495 0 0 495 0 0 495 0 0 494 0 1 488 0 7 479 6 10 461 15 19 431 36 28 385 61 49 329 104 62 275 133 87 253 157 85 251 146 98 276 120 99 313 101 81 351 89 55 378 63 54 409 46 40 441 29 25 468 11 16 485 4 6 491 1 3 492 0 3 495 0 0 495 0 0 495 0 0 
495 0 0 495 0 0 495 0 0 495 0 0 494 0 1 493 1 1 487 2 6 468 9 18 443 27 25 409 48 38 354 72 69 320 117 58 284 136 75 278 139 78 283 121 91 305 94 96 336 93 66 358 79 58 378 57 60 415 47 33 436 29 30 465 14 16 482 6 7 489 1 5 493 0 2 495 0 0 495 0 0 495 0 0 
495 0 0 495 0 0 495 0 0 495 0 0 493 0 2 490 3 2 482 7 6 462 16 17 434 31 30 395 52 48 349 86 60 322 113 60 304 110 81 312 103 80 321 91 83 334 87 74 353 87 55 372 78 45 385 50 60 421 37 37 445 31 19 464 18 13 479 7 9 488 2 5 494 0 1 495 0 0 495 0 0 495 0 0 
495 0 0 495 0 0 495 0 0 495 0 0 494 0 1 489 2 4 479 6 10 460 12 23 433 26 36 402 45 48 368 68 59 349 77 69 349 75 71 354 67 74 362 56 77 373 51 71 381 54 60 394 52 49 409 32 54 442 23 30 455 19 21 469 9 17 482 2 11 491 1 3 493 0 2 495 0 0 495 0 0 495 0 0 
495 0 0 495 0 0 495 0 0 494 0 1 493 1 1 492 1 2 489 2 4 483 4 8 473 10 12 465 10 20 459 17 19 456 19 20 454 17 24 456 16 23 453 12 30 458 8 29 461 10 24 464 13 18 470 5 20 482 5 8 485 5 5 488 3 4 492 2 1 494 0 1 495 0 0 495 0 0 495 0 0 495 0 0 
495 0 0 495 0 0 495 0 0 495 0 0 495 0 0 495 0 0 495 0 0 495 0 0 495 0 0 495 0 0 495 0 0 495 0 0 494 0 1 494 1 0 493 1 1 494 0 1 494 0 1 495 0 0 494 1 0 493 0 2 494 0 1 495 0 0 495 0 0 495 0 0 495 0 0 495 0 0 495 0 0 495 0 0 